7431
10
22
24
35
38
41
49
64
71
72
73
83
90
93
95
98
99
101
112
119
120
128
129
145
147
152
153
164
171
172
173
175
177
178
184
194
198
200
201
202
207
210
212
214
215
218
219
221
225
226
227
235
236
238
253
254
255
261
263
269
283
285
294
297
298
303
306
318
322
327
329
358
362
364
366
369
370
371
375
379
389
396
402
403
422
425
427
428
431
436
440
462
468
471
475
478
480
483
486
493
514
518
541
542
543
556
558
563
565
568
571
577
584
586
601
602
605
610
622
632
634
641
643
646
648
667
669
677
682
688
689
692
699
702
703
714
720
724
729
731
732
737
742
760
766
770
772
775
784
785
817
831
840
850
855
856
857
861
868
880
882
883
887
890
892
898
904
911
919
945
961
964
977
979
1000
1023
1028
1053
1057
1062
1079
1082
1088
1108
1110
1113
1116
1123
1128
1141
1145
1154
1158
1167
1169
1182
1198
1200
1215
1225
1227
1229
1235
1239
1240
1243
1249
1259
1265
1267
1268
1273
1277
1278
1310
1311
1315
1326
1328
1332
1338
1343
1347
1350
1364
1367
1368
1370
1374
1375
1383
1405
1406
1408
1412
1421
1422
1440
1451
1453
1455
1459
1462
1474
1481
1483
1485
1492
1499
1500
1503
1508
1516
1520
1523
1540
1552
1555
1556
1557
1559
1562
1571
1575
1586
1591
1608
1610
1612
1614
1623
1633
1636
1638
1659
1660
1662
1670
1681
1691
1693
1712
1713
1715
1724
1727
1734
1736
1745
1754
1758
1759
1766
1769
1775
1780
1799
1801
1809
1810
1816
1819
1827
1828
1829
1830
1832
1834
1842
1851
1856
1859
1885
1886
1890
1893
1916
1931
1939
1941
1945
1953
1971
1972
1983
1993
1994
2001
2003
2005
2018
2019
2027
2039
2042
2049
2051
2057
2061
2072
2077
2078
2094
2095
2100
2105
2109
2110
2118
2120
2126
2128
2136
2143
2147
2163
2166
2169
2170
2172
2174
2175
2190
2193
2194
2207
2220
2230
2235
2241
2242
2246
2248
2249
2268
2272
2290
2292
2295
2312
2319
2346
2348
2354
2360
2365
2369
2378
2380
2382
2392
2415
2432
2435
2443
2447
2456
2461
2463
2465
2466
2469
2475
2476
2478
2489
2496
2499
2503
2517
2518
2522
2526
2528
2529
2535
2543
2544
2561
2564
2567
2584
2587
2594
2600
2614
2622
2631
2634
2639
2645
2651
2671
2680
2684
2692
2708
2711
2723
2727
2737
2740
2741
2742
2743
2750
2757
2758
2764
2771
2780
2791
2797
2802
2807
2813
2814
2818
2822
2828
2831
2833
2838
2841
2845
2848
2850
2855
2857
2861
2862
2864
2878
2886
2888
2890
2896
2904
2906
2911
2918
2919
2933
2935
2938
2945
2954
2956
2963
2966
2969
2978
2980
2986
2992
2995
2999
3002
3007
3008
3019
3029
3030
3034
3042
3061
3078
3088
3097
3104
3109
3110
3119
3120
3123
3127
3128
3135
3138
3148
3152
3161
3163
3170
3180
3189
3193
3198
3212
3216
3221
3223
3228
3236
3244
3248
3252
3258
3273
3275
3277
3281
3302
3311
3314
3319
3320
3323
3325
3330
3339
3340
3343
3350
3351
3368
3373
3379
3403
3431
3432
3434
3436
3449
3464
3466
3471
3475
3486
3494
3496
3500
3505
3510
3513
3515
3516
3525
3526
3537
3552
3553
3555
3556
3557
3572
3574
3578
3579
3582
3596
3610
3619
3620
3630
3673
3675
3679
3683
3701
3706
3715
3719
3729
3730
3739
3771
3778
3784
3789
3790
3798
3806
3823
3833
3835
3840
3844
3847
3848
3861
3864
3869
3875
3877
3891
3896
3902
3911
3923
3949
3953
3957
3961
3965
3971
3978
3979
3980
3984
3985
3988
4002
4004
4008
4013
4019
4020
4023
4029
4031
4047
4052
4056
4064
4065
4072
4076
4077
4079
4080
4083
4085
4107
4117
4139
4141
4143
4146
4157
4167
4168
4175
4176
4177
4194
4195
4197
4200
4206
4211
4232
4241
4244
4246
4247
4248
4250
4257
4261
4264
4273
4291
4293
4308
4314
4315
4319
4321
4335
4340
4345
4362
4363
4364
4372
4378
4379
4380
4392
4397
4405
4408
4418
4421
4422
4429
4434
4442
4444
4450
4454
4455
4459
4463
4471
4476
4477
4493
4499
4502
4515
4516
4522
4537
4541
4542
4547
4587
4597
4607
4612
4614
4616
4617
4618
4621
4633
4641
4648
4655
4658
4659
4661
4670
4672
4679
4681
4685
4688
4699
4708
4714
4718
4720
4724
4729
4733
4735
4737
4755
4762
4777
4783
4788
4798
4809
4817
4840
4844
4848
4857
4858
4861
4866
4886
4890
4900
4906
4917
4926
4934
4938
4944
4953
4961
4968
4989
5002
5028
5033
5036
5041
5042
5043
5045
5072
5082
5087
5106
5113
5123
5128
5129
5132
5133
5136
5138
5139
5140
5147
5148
5154
5158
5169
5181
5187
5189
5205
5206
5214
5221
5234
5271
5279
5289
5292
5305
5315
5321
5325
5327
5340
5341
5351
5356
5369
5380
5385
5391
5403
5415
5420
5424
5429
5431
5433
5434
5438
5439
5442
5450
5451
5467
5468
5469
5483
5484
5485
5486
5490
5493
5500
5501
5505
5509
5515
5516
5517
5528
5537
5538
5543
5550
5557
5568
5576
5586
5591
5604
5611
5612
5615
5633
5640
5651
5657
5664
5665
5689
5717
5724
5734
5751
5776
5780
5782
5794
5798
5801
5805
5811
5812
5813
5816
5820
5821
5827
5828
5835
5837
5840
5842
5865
5881
5884
5891
5899
5900
5910
5915
5925
5937
5943
5945
5950
5952
5956
5967
5985
5988
6002
6008
6010
6013
6019
6023
6024
6027
6036
6046
6051
6052
6053
6061
6070
6074
6078
6084
6086
6089
6098
6114
6124
6131
6144
6145
6155
6157
6169
6171
6182
6183
6186
6193
6194
6198
6200
6204
6217
6219
6220
6235
6238
6254
6259
6261
6266
6271
6272
6276
6277
6294
6307
6313
6314
6315
6320
6324
6344
6353
6360
6362
6379
6388
6391
6394
6395
6399
6404
6418
6427
6435
6447
6450
6460
6463
6466
6470
6472
6490
6493
6496
6502
6507
6515
6526
6529
6535
6540
6544
6546
6549
6552
6555
6556
6558
6562
6564
6585
6586
6612
6613
6615
6618
6621
6624
6625
6661
6665
6672
6673
6679
6680
6685
6693
6696
6698
6709
6719
6729
6730
6732
6734
6742
6753
6758
6764
6780
6784
6787
6790
6795
6798
6799
6801
6820
6829
6830
6832
6834
6837
6839
6842
6853
6857
6860
6861
6869
6892
6900
6903
6904
6908
6910
6913
6918
6948
6954
6960
6962
6980
6990
6994
7000
7001
7008
7019
7020
7024
7025
7030
7041
7042
7051
7060
7068
7070
7075
7077
7078
7079
7080
7083
7085
7088
7096
7098
7110
7112
7118
7122
7124
7128
7135
7139
7145
7165
7170
7184
7185
7199
7205
7208
7222
7226
7242
7248
7259
7262
7264
7279
7280
7281
7296
7300
7306
7311
7320
7325
7330
7331
7353
7355
7356
7357
7369
7370
7376
7384
7395
7406
7412
7413
7421
7431
7435
7440
7463
7469
7478
7485
7486
7488
7494
7497
7507
7510
7518
7523
7530
7539
7542
7546
7550
7553
7569
7580
7595
7599
7600
7610
7614
7623
7628
7636
7637
7654
7658
7659
7661
7665
7681
7685
7686
7689
7690
7696
7697
7704
7712
7715
7716
7717
7724
7737
7738
7744
7750
7760
7764
7770
7777
7780
7782
7787
7788
7795
7806
7815
7823
7834
7836
7846
7858
7865
7873
7881
7882
7891
7898
7902
7908
7913
7914
7922
7932
7941
7944
7955
7965
7971
7995
8003
8004
8012
8021
8049
8063
8070
8076
8093
8103
8111
8121
8122
8125
8138
8147
8158
8162
8165
8172
8187
8192
8200
8206
8208
8209
8226
8231
8233
8239
8244
8258
8260
8267
8269
8273
8281
8295
8324
8327
8331
8334
8335
8340
8349
8355
8356
8357
8360
8366
8367
8381
8383
8385
8388
8389
8392
8396
8398
8399
8403
8410
8412
8424
8425
8430
8441
8449
8451
8471
8475
8484
8490
8491
8509
8526
8527
8529
8541
8543
8545
8550
8552
8565
8568
8571
8581
8587
8588
8595
8600
8606
8609
8616
8634
8637
8638
8640
8660
8668
8674
8677
8688
8696
8702
8708
8712
8734
8738
8740
8742
8750
8752
8759
8763
8766
8769
8776
8782
8786
8790
8791
8795
8799
8800
8810
8816
8817
8832
8836
8839
8840
8852
8854
8859
8860
8892
8897
8907
8928
8936
8939
8955
8959
8979
8988
8994
8996
8999
9006
9007
9010
9012
9017
9025
9027
9028
9032
9036
9048
9052
9062
9068
9069
9074
9078
9081
9096
9102
9105
9108
9114
9132
9142
9156
9161
9166
9197
9204
9205
9211
9216
9219
9222
9231
9235
9237
9242
9246
9253
9259
9265
9267
9268
9272
9281
9291
9292
9296
9297
9300
9308
9339
9341
9342
9348
9349
9367
9370
9375
9388
9390
9392
9408
9416
9418
9420
9421
9424
9427
9431
9440
9451
9455
9468
9486
9496
9497
9500
9502
9512
9516
9521
9522
9523
9525
9528
9535
9539
9544
9546
9569
9572
9588
9593
9600
9603
9610
9613
9615
9621
9628
9657
9667
9691
9693
9711
9715
9726
9728
9731
9743
9750
9753
9759
9763
9778
9781
9798
9813
9815
9833
9837
9844
9846
9858
9860
9864
9865
9873
9874
9877
9878
9879
9880
9881
9890
9896
9911
9914
9921
9924
9926
9934
9938
9944
9958
9961
9984
9988
9989
9991
10001
10009
10024
10026
10030
10031
10059
10064
10069
10070
10073
10079
10085
10100
10104
10105
10118
10122
10126
10130
10134
10135
10138
10140
10151
10155
10156
10158
10165
10166
10168
10173
10175
10185
10189
10192
10194
10196
10212
10215
10228
10229
10233
10236
10254
10263
10267
10273
10274
10275
10276
10288
10300
10309
10311
10319
10322
10323
10333
10335
10337
10356
10370
10372
10381
10383
10386
10390
10404
10406
10413
10415
10434
10436
10438
10440
10441
10442
10445
10446
10456
10463
10466
10469
10475
10477
10497
10500
10510
10516
10518
10522
10526
10536
10539
10544
10547
10571
10575
10576
10586
10587
10597
10601
10618
10629
10656
10658
10662
10666
10677
10691
10695
10699
10700
10706
10711
10720
10726
10732
10736
10745
10749
10754
10763
10768
10779
10811
10814
10816
10818
10826
10837
10843
10845
10846
10849
10862
10866
10874
10877
10890
10915
10926
10927
10931
10936
10942
10963
10964
10978
10979
10980
10986
10991
10995
10997
11004
11007
11016
11018
11022
11025
11027
11031
11040
11041
11043
11047
11050
11054
11063
11066
11074
11076
11080
11081
11092
11093
11095
11097
11102
11103
11105
11106
11110
11111
11113
11122
11124
11133
11136
11138
11139
11161
11174
11176
11186
11194
11215
11244
11249
11254
11256
11260
11267
11279
11282
11288
11301
11312
11315
11322
11324
11340
11347
11353
11366
11369
11380
11389
11391
11395
11397
11404
11405
11411
11416
11419
11451
11456
11461
11469
11472
11479
11480
11483
11487
11509
11522
11525
11526
11533
11536
11540
11544
11560
11561
11573
11579
11580
11582
11584
11596
11598
11603
11611
11614
11615
11622
11626
11627
11629
11640
11641
11652
11656
11659
11664
11668
11675
11680
11683
11684
11687
11691
11693
11697
11733
11736
11738
11745
11749
11752
11753
11761
11764
11769
11771
11773
11778
11780
11783
11787
11794
11806
11807
11809
11812
11816
11823
11828
11832
11841
11844
11852
11861
11865
11873
11878
11891
11894
11895
11901
11912
11916
11921
11923
11930
11934
11940
11955
11965
11971
11986
11990
11999
12012
12014
12017
12023
12024
12026
12027
12028
12030
12035
12037
12041
12042
12055
12059
12077
12082
12087
12093
12094
12103
12114
12116
12118
12121
12126
12145
12148
12159
12161
12162
12167
12178
12183
12190
12195
12199
12200
12205
12210
12212
12214
12234
12235
12247
12258
12264
12266
12276
12277
12279
12308
12334
12335
12343
12350
12355
12361
12362
12363
12367
12380
12383
12403
12409
12411
12418
12422
12424
12430
12431
12432
12436
12451
12455
12477
12482
12488
12496
12524
12531
12536
12552
12554
12555
12565
12566
12570
12575
12577
12599
12603
12607
12608
12609
12616
12625
12628
12632
12637
12643
12645
12648
12650
12652
12653
12661
12664
12688
12691
12714
12715
12717
12723
12731
12749
12754
12762
12768
12781
12785
12786
12787
12795
12804
12810
12816
12826
12831
12843
12851
12856
12869
12870
12877
12879
12881
12889
12890
12899
12908
12916
12917
12924
12928
12929
12934
12936
12941
12943
12949
12953
12954
12955
12957
12967
12968
12969
12979
12980
12981
12984
12988
12989
12992
12999
13002
13003
13004
13008
13010
13022
13026
13033
13051
13055
13067
13069
13070
13075
13077
13080
13097
13102
13104
13107
13108
13109
13113
13120
13121
13133
13134
13140
13141
13143
13145
13151
13154
13166
13168
13185
13188
13190
13197
13204
13209
13216
13220
13233
13235
13239
13244
13250
13261
13271
13277
13286
13288
13289
13295
13296
13304
13331
13332
13336
13346
13365
13366
13378
13382
13384
13389
13392
13398
13401
13402
13404
13411
13416
13423
13428
13432
13436
13437
13438
13439
13440
13441
13443
13454
13455
13459
13461
13467
13470
13471
13483
13495
13506
13510
13512
13514
13515
13518
13522
13525
13534
13535
13542
13544
13562
13574
13581
13587
13589
13594
13595
13604
13609
13617
13620
13624
13626
13629
13636
13642
13654
13655
13659
13660
13663
13664
13666
13669
13673
13677
13680
13687
13706
13708
13714
13717
13721
13732
13733
13735
13744
13747
13748
13756
13770
13771
13772
13776
13783
13784
13791
13795
13802
13803
13806
13807
13808
13813
13816
13832
13838
13858
13867
13876
13879
13880
13881
13883
13897
13903
13907
13914
13925
13926
13929
13931
13939
13940
13944
13945
13962
13965
13970
13974
13975
13976
13988
13989
13995
13997
14009
14015
14020
14027
14034
14037
14038
14045
14050
14055
14059
14061
14062
14081
14091
14095
14107
14108
14145
14178
14187
14191
14198
14200
14204
14205
14207
14208
14241
14242
14246
14265
14271
14282
14286
14294
14295
14309
14318
14319
14323
14329
14344
14365
14368
14385
14387
14389
14390
14398
14401
14403
14404
14407
14430
14434
14448
14453
14478
14486
14488
14499
14501
14511
14519
14522
14531
14533
14545
14554
14563
14564
14583
14585
14588
14589
14594
14600
14602
14604
14627
14633
14635
14637
14643
14646
14654
14656
14661
14666
14675
14678
14684
14694
14709
14712
14743
14744
14754
14763
14774
14779
14780
14794
14807
14809
14811
14814
14820
14830
14831
14832
14837
14846
14868
14873
14885
14894
14898
14913
14914
14923
14932
14944
14963
14979
14981
14988
14998
14999
15003
15016
15019
15022
15023
15026
15029
15033
15042
15046
15094
15095
15103
15106
15115
15130
15149
15150
15153
15154
15157
15158
15160
15180
15182
15199
15204
15205
15211
15216
15226
15241
15242
15249
15253
15259
15262
15266
15268
15285
15289
15291
15294
15301
15307
15313
15320
15335
15339
15340
15349
15354
15367
15373
15375
15387
15395
15400
15414
15424
15430
15436
15438
15444
15446
15450
15461
15463
15464
15470
15472
15474
15478
15489
15517
15519
15520
15528
15534
15550
15555
15556
15562
15568
15576
15579
15580
15583
15589
15605
15613
15621
15634
15638
15642
15647
15657
15666
15681
15686
15690
15692
15704
15720
15721
15727
15730
15745
15749
15751
15759
15764
15767
15775
15777
15792
15794
15801
15802
15803
15804
15805
15808
15816
15821
15823
15831
15844
15847
15868
15871
15876
15886
15890
15897
15922
15926
15931
15946
15949
15951
15958
15968
15972
15974
15981
15984
15985
15987
15988
15989
15992
16003
16023
16027
16039
16045
16047
16051
16054
16077
16081
16086
16090
16091
16092
16098
16102
16107
16115
16119
16124
16143
16144
16145
16150
16153
16155
16159
16163
16165
16169
16173
16179
16180
16184
16189
16191
16196
16199
16204
16212
16225
16237
16246
16250
16251
16252
16259
16279
16284
16288
16291
16304
16307
16308
16310
16313
16315
16321
16337
16338
16345
16354
16356
16358
16361
16366
16370
16375
16376
16379
16380
16382
16386
16392
16395
16399
16409
16423
16437
16439
16440
16448
16453
16476
16477
16479
16484
16491
16494
16495
16500
16502
16503
16514
16515
16522
16524
16528
16533
16534
16569
16575
16584
16586
16591
16598
16603
16612
16631
16636
16637
16640
16642
16646
16647
16650
16652
16660
16661
16663
16669
16675
16676
16680
16681
16685
16690
16701
16706
16710
16717
16721
16728
16733
16755
16763
16771
16779
16780
16781
16788
16797
16803
16820
16822
16827
16831
16848
16855
16867
16870
16879
16884
16888
16896
16901
16916
16929
16932
16939
16942
16956
16965
16974
16977
16987
17000
17007
17010
17014
17028
17033
17038
17049
17067
17087
17088
17097
17099
17114
17119
17132
17148
17154
17157
17159
17162
17173
17186
17208
17209
17217
17227
17237
17242
17247
17252
17255
17266
17275
17277
17281
17291
17295
17296
17297
17305
17307
17314
17322
17325
17326
17333
17338
17344
17357
17361
17362
17363
17368
17370
17374
17377
17379
17381
17389
17391
17392
17396
17399
17409
17411
17422
17428
17438
17441
17448
17453
17460
17466
17469
17496
17518
17521
17533
17536
17548
17567
17568
17569
17590
17614
17617
17620
17632
17638
17642
17648
17659
17674
17680
17683
17695
17705
17710
17718
17726
17727
17728
17731
17742
17746
17750
17761
17763
17770
17772
17774
17783
17786
17788
17789
17790
17791
17796
17799
17800
17806
17809
17827
17830
17840
17843
17846
17848
17852
17854
17855
17863
17878
17879
17882
17885
17891
17892
17904
17906
17907
17908
17910
17926
17927
17944
17957
17958
17966
17967
17977
17978
17979
17986
17995
18007
18008
18011
18012
18016
18020
18022
18023
18030
18032
18033
18037
18041
18050
18055
18064
18066
18069
18073
18078
18079
18081
18082
18091
18096
18104
18117
18120
18121
18123
18125
18126
18131
18135
18137
18140
18151
18154
18169
18176
18177
18181
18182
18183
18184
18185
18188
18203
18214
18221
18224
18230
18232
18238
18244
18249
18253
18268
18271
18273
18274
18277
18286
18290
18295
18301
18303
18306
18310
18314
18317
18324
18328
18330
18338
18344
18352
18353
18359
18360
18363
18369
18371
18372
18373
18374
18375
18378
18379
18388
18389
18406
18412
18415
18426
18449
18452
18455
18461
18471
18473
18476
18479
18500
18503
18504
18507
18514
18522
18536
18543
18544
18547
18557
18558
18569
18575
18577
18579
18581
18605
18609
18616
18621
18628
18629
18640
18653
18655
18657
18661
18666
18667
18670
18679
18680
18683
18686
18693
18694
18696
18699
18701
18714
18732
18734
18739
18751
18758
18767
18770
18775
18779
18780
18784
18793
18794
18797
18798
18802
18810
18818
18827
18828
18835
18844
18857
18865
18868
18872
18875
18882
18883
18888
18889
18890
18892
18894
18908
18913
18918
18932
18937
18963
18988
18993
19013
19016
19019
19022
19023
19024
19026
19040
19046
19054
19056
19079
19082
19086
19088
19111
19112
19116
19119
19126
19127
19134
19150
19159
19160
19166
19170
19182
19199
19215
19223
19230
19241
19242
19245
19246
19255
19260
19264
19265
19279
19289
19298
19299
19305
19306
19309
19321
19331
19339
19342
19349
19351
19354
19361
19369
19376
19382
19385
19387
19391
19392
19398
19407
19411
19413
19420
19427
19429
19432
19441
19448
19449
19458
19465
19474
19481
19484
19503
19513
19516
19519
19529
19533
19540
19543
19567
19572
19579
19583
19585
19603
19606
19616
19628
19643
19656
19658
19662
19670
19686
19688
19699
19700
19712
19727
19728
19730
19731
19736
19737
19746
19748
19751
19762
19772
19776
19785
19788
19791
19798
19804
19808
19815
19817
19822
19836
19838
19842
19843
19863
19869
19871
19872
19877
19888
19889
19899
19930
19933
19934
19943
19947
19957
19964
19965
19969
19970
19973
19980
19981
19983
19986
19998
19999
20004
20006
20019
20029
20034
20035
20044
20047
20059
20063
20064
20073
20091
20093
20103
20105
20118
20121
20128
20146
20148
20153
20155
20162
20168
20182
20189
20190
20191
20197
20198
20205
20212
20224
20230
20238
20242
20243
20259
20261
20278
20283
20300
20303
20307
20308
20327
20337
20338
20341
20342
20349
20350
20370
20412
20414
20415
20419
20426
20428
20430
20432
20433
20435
20439
20445
20462
20466
20467
20475
20484
20485
20493
20498
20500
20507
20535
20538
20539
20541
20554
20560
20575
20579
20596
20597
20600
20602
20603
20619
20622
20626
20627
20645
20650
20663
20667
20670
20675
20689
20692
20707
20709
20718
20719
20721
20722
20724
20734
20741
20742
20757
20762
20765
20766
20769
20771
20774
20779
20780
20781
20788
20792
20797
20804
20810
20814
20818
20826
20828
20841
20842
20843
20850
20862
20872
20877
20880
20883
20885
20896
20900
20902
20907
20908
20910
20913
20919
20921
20925
20934
20935
20937
20940
20947
20968
20996
20998
21003
21009
21013
21015
21020
21026
21030
21031
21033
21039
21043
21051
21058
21060
21063
21070
21080
21082
21083
21087
21094
21101
21111
21125
21131
21132
21134
21135
21149
21151
21155
21158
21162
21165
21166
21167
21174
21176
21180
21185
21190
21200
21205
21206
21211
21215
21216
21226
21236
21237
21241
21242
21253
21266
21273
21274
21278
21287
21288
21289
21290
21295
21300
21303
21304
21309
21319
21327
21330
21333
21334
21340
21348
21349
21350
21351
21353
21363
21364
21373
21378
21381
21383
21386
21407
21410
21412
21442
21444
21446
21448
21449
21451
21463
21469
21474
21476
21477
21478
21480
21485
21487
21495
21501
21513
21515
21521
21526
21530
21540
21547
21551
21559
21562
21567
21569
21572
21573
21577
21586
21592
21610
21611
21613
21618
21619
21620
21624
21626
21636
21646
21649
21655
21667
21683
21686
21703
21707
21708
21711
21719
21721
21728
21730
21731
21735
21743
21745
21750
21755
21761
21764
21768
21770
21771
21772
21781
21787
21788
21789
21790
21793
21797
21804
21805
21819
21821
21824
21829
21833
21836
21841
21849
21858
21861
21867
21874
21879
21882
21901
21902
21913
21924
21927
21934
21942
21943
21945
21949
21950
21961
21980
21991
21994
22000
22001
22004
22012
22014
22017
22024
22030
22034
22035
22036
22043
22045
22059
22060
22061
22077
22087
22088
22090
22098
22110
22116
22118
22121
22129
22133
22138
22139
22140
22142
22153
22171
22180
22195
22202
22205
22215
22222
22225
22233
22234
22235
22238
22246
22248
22252
22279
22283
22286
22292
22294
22295
22297
22305
22308
22309
22317
22319
22328
22332
22340
22347
22354
22355
22367
22369
22370
22375
22376
22393
22396
22404
22407
22408
22410
22412
22413
22417
22436
22442
22450
22454
22456
22464
22481
22484
22486
22493
22495
22498
22508
22513
22517
22531
22533
22534
22536
22545
22548
22551
22561
22563
22568
22577
22578
22587
22592
22605
22616
22618
22622
22624
22625
22638
22659
22661
22669
22670
22678
22690
22706
22720
22740
22750
22752
22782
22792
22797
22798
22807
22810
22817
22821
22824
22826
22842
22844
22845
22846
22847
22871
22874
22875
22876
22884
22887
22890
22892
22908
22912
22924
22933
22937
22939
22940
22942
22948
22952
22956
22959
22962
22964
22966
22968
22974
22981
22982
22987
22990
22991
22999
23020
23026
23033
23035
23036
23046
23048
23053
23055
23065
23069
23075
23077
23079
23090
23109
23111
23117
23134
23139
23147
23148
23160
23162
23180
23188
23196
23197
23208
23210
23217
23220
23226
23227
23229
23233
23235
23236
23241
23250
23251
23263
23264
23268
23275
23279
23284
23296
23301
23306
23319
23340
23349
23350
23355
23361
23366
23376
23385
23389
23408
23409
23412
23423
23426
23427
23438
23442
23443
23463
23464
23474
23480
23486
23490
23494
23497
23499
23512
23516
23518
23519
23527
23538
23544
23550
23552
23557
23558
23571
23573
23576
23578
23587
23606
23607
23627
23643
23646
23656
23658
23661
23664
23665
23671
23675
23685
23686
23687
23690
23692
23696
23704
23706
23710
23737
23738
23740
23744
23747
23770
23771
23772
23774
23784
23787
23789
23795
23796
23801
23805
23810
23811
23817
23825
23835
23837
23845
23849
23861
23862
23869
23872
23894
23897
23907
23912
23916
23921
23932
23933
23939
23953
23956
23962
23967
23972
23974
23980
23985
23987
24003
24010
24014
24030
24038
24048
24050
24068
24070
24071
24073
24074
24079
24080
24081
24099
24107
24114
24116
24117
24124
24126
24136
24143
24146
24151
24152
24161
24170
24172
24181
24186
24187
24191
24203
24207
24208
24214
24224
24225
24227
24229
24242
24255
24285
24288
24289
24298
24301
24302
24305
24308
24312
24324
24328
24340
24359
24369
24379
24381
24387
24395
24398
24406
24409
24412
24415
24416
24441
24451
24453
24467
24472
24476
24480
24490
24520
24523
24526
24545
24547
24548
24553
24560
24563
24568
24572
24592
24600
24612
24630
24633
24639
24645
24646
24650
24653
24659
24673
24678
24682
24683
24691
24696
24698
24713
24714
24728
24740
24741
24745
24749
24759
24764
24765
24770
24776
24779
24780
24788
24803
24811
24822
24833
24837
24841
24849
24851
24852
24859
24862
24863
24864
24868
24870
24871
24873
24877
24896
24903
24905
24906
24908
24909
24911
24912
24915
24933
24938
24945
24953
24959
24960
24962
24969
24970
24979
24984
24987
25002
25003
25006
25014
25018
25028
25035
25036
25049
25052
25058
25061
25065
25070
25076
25079
25086
25094
25102
25111
25114
25120
25123
25134
25136
25137
25141
25145
25150
25151
25154
25157
25158
25169
25176
25183
25184
25193
25194
25202
25203
25217
25218
25227
25234
25237
25241
25247
25252
25259
25267
25268
25270
25285
25291
25297
25298
25301
25306
25307
25309
25317
25319
25324
25335
25340
25341
25363
25365
25372
25376
25379
25381
25382
25383
25396
25402
25407
25424
25434
25436
25446
25457
25459
25463
25466
25467
25469
25474
25475
25477
25481
25487
25497
25505
25508
25528
25536
25541
25554
25563
25568
25596
25597
25615
25616
25617
25622
25623
25633
25635
25636
25640
25656
25657
25665
25680
25682
25691
25696
25702
25706
25711
25712
25714
25718
25725
25732
25735
25739
25741
25744
25748
25752
25755
25759
25761
25770
25775
25777
25781
25791
25797
25800
25801
25805
25807
25813
25819
25820
25822
25827
25828
25831
25833
25834
25845
25849
25863
25864
25868
25874
25887
25888
25890
25899
25905
25919
25929
25935
25938
25942
25943
25946
25966
25970
25975
25978
25981
25982
25985
25988
25993
26010
26011
26019
26023
26024
26027
26028
26033
26042
26045
26047
26049
26053
26060
26061
26069
26078
26084
26094
26104
26107
26111
26118
26123
26131
26144
26152
26154
26170
26176
26177
26190
26197
26204
26207
26210
26228
26234
26235
26236
26239
26255
26262
26267
26270
26273
26276
26297
26313
26332
26339
26360
26373
26385
26389
26390
26392
26397
26400
26433
26453
26469
26482
26487
26495
26513
26515
26518
26520
26523
26532
26534
26537
26540
26548
26555
26558
26564
26570
26598
26599
26609
26610
26621
26624
26626
26627
26631
26640
26641
26643
26668
26670
26671
26685
26704
26705
26706
26711
26713
26714
26716
26718
26719
26722
26725
26726
26727
26732
26735
26736
26739
26741
26757
26758
26761
26763
26768
26775
26784
26796
26807
26809
26811
26817
26820
26824
26838
26839
26849
26858
26874
26879
26890
26894
26896
26897
26899
26912
26913
26915
26917
26927
26930
26932
26934
26982
26985
26989
26996
26997
27008
27011
27013
27025
27032
27035
27041
27045
27047
27052
27053
27059
27065
27079
27087
27092
27099
27100
27102
27111
27112
27118
27120
27124
27134
27139
27147
27151
27156
27161
27165
27171
27198
27201
27213
27222
27234
27242
27244
27251
27255
27256
27270
27288
27290
27291
27292
27298
27316
27323
27343
27372
27375
27383
27386
27387
27388
27390
27394
27401
27402
27413
27414
27416
27430
27451
27452
27460
27464
27467
27494
27499
27507
27515
27520
27521
27536
27546
27551
27553
27555
27559
27566
27587
27595
27606
27608
27619
27626
27628
27629
27641
27646
27650
27651
27657
27658
27671
27683
27686
27693
27708
27719
27722
27728
27730
27732
27747
27757
27766
27769
27777
27778
27781
27790
27794
27811
27816
27818
27823
27824
27827
27830
27841
27846
27852
27854
27856
27859
27868
27872
27873
27879
27880
27881
27884
27885
27886
27905
27912
27913
27914
27919
27924
27926
27929
27934
27975
27992
27994
27998
28005
28007
28008
28019
28025
28035
28036
28049
28053
28068
28069
28078
28084
28095
28097
28108
28116
28117
28119
28120
28125
28132
28142
28153
28156
28166
28180
28184
28185
28189
28194
28202
28208
28212
28223
28238
28261
28265
28266
28277
28280
28281
28284
28286
28295
28297
28298
28302
28303
28310
28316
28318
28320
28329
28335
28338
28341
28343
28348
28353
28361
28362
28368
28376
28377
28384
28386
28408
28415
28426
28432
28437
28444
28464
28466
28486
28487
28493
28498
28507
28518
28519
28520
28521
28522
28523
28525
28526
28532
28536
28546
28552
28560
28567
28572
28580
28595
28597
28598
28603
28605
28606
28618
28624
28625
28630
28634
28638
28650
28665
28674
28675
28679
28691
28698
28703
28713
28718
28720
28722
28732
28737
28738
28747
28761
28765
28767
28782
28788
28790
28813
28818
28825
28832
28839
28843
28854
28855
28864
28866
28878
28889
28890
28892
28895
28903
28906
28915
28916
28919
28931
28933
28944
28945
28951
28957
28970
28978
28986
28989
28993
28997
29000
29002
29005
29011
29015
29021
29027
29040
29045
29053
29061
29065
29072
29074
29076
29078
29079
29080
29081
29087
29088
29089
29091
29094
29105
29106
29120
29133
29136
29158
29160
29166
29171
29176
29189
29197
29209
29223
29238
29242
29246
29249
29276
29284
29287
29288
29289
29298
29305
29309
29315
29320
29327
29328
29333
29334
29348
29351
29356
29358
29362
29363
29364
29368
29369
29373
29376
29385
29387
29394
29397
29399
29401
29424
29425
29427
29433
29435
29436
29445
29447
29451
29454
29459
29461
29470
29480
29483
29488
29500
29501
29510
29514
29521
29522
29530
29532
29539
29540
29545
29546
29551
29552
29562
29567
29591
29609
29623
29627
29631
29638
29641
29667
29674
29676
29678
29698
29702
29710
29713
29714
29740
29741
29743
29745
29750
29780
29784
29786
29797
29802
29803
29814
29821
29823
29835
29845
29846
29852
29853
29858
29862
29863
29868
29873
29880
29884
29886
29891
29900
29913
29914
29922
29926
29927
29933
29938
29940
29945
29946
29953
29960
29975
29988
29992
29996
30003
30008
30013
30018
30025
30034
30040
30043
30046
30059
30062
30070
30074
30078
30086
30101
30104
30106
30110
30121
30123
30126
30131
30135
30136
30142
30143
30164
30170
30187
30198
30208
30210
30221
30225
30239
30241
30256
30268
30269
30275
30280
30283
30287
30300
30302
30308
30319
30321
30323
30333
30334
30337
30340
30350
30351
30363
30367
30377
30387
30391
30395
30405
30406
30407
30411
30424
30425
30426
30427
30428
30429
30442
30448
30450
30455
30470
30471
30475
30477
30487
30489
30491
30492
30493
30498
30515
30521
30527
30529
30532
30542
30546
30550
30551
30558
30594
30596
30600
30601
30602
30604
30605
30606
30611
30615
30619
30620
30623
30632
30643
30645
30649
30650
30658
30659
30663
30672
30685
30687
30703
30705
30711
30729
30741
30746
30751
30758
30785
30804
30805
30810
30817
30831
30834
30837
30842
30847
30855
30856
30859
30865
30866
30871
30873
30876
30879
30885
30887
30892
30893
30899
30902
30903
30908
30919
30921
30930
30946
30953
30954
30955
30966
30971
30995
30997
31001
31002
31005
31007
31008
31011
31015
31020
31021
31024
31025
31027
31037
31039
31042
31054
31055
31063
31067
31068
31074
31083
31092
31102
31111
31114
31118
31120
31121
31134
31137
31152
31156
31160
31162
31168
31181
31194
31197
31199
31206
31212
31224
31233
31234
31239
31241
31246
31248
31254
31256
31260
31274
31275
31281
31284
31293
31295
31311
31314
31315
31316
31319
31333
31340
31341
31354
31357
31361
31362
31366
31368
31373
31379
31385
31387
31424
31425
31426
31427
31428
31430
31433
31434
31435
31447
31448
31454
31456
31467
31477
31483
31508
31513
31515
31524
31526
31536
31537
31555
31557
31558
31559
31560
31566
31580
31584
31591
31595
31604
31612
31613
31617
31621
31625
31629
31633
31636
31661
31664
31665
31685
31689
31692
31706
31709
31715
31724
31729
31738
31740
31744
31757
31760
31761
31767
31769
31774
31780
31786
31787
31794
31800
31802
31803
31804
31805
31814
31818
31829
31831
31854
31863
31865
31872
31886
31889
31891
31892
31893
31895
31902
31909
31913
31915
31916
31918
31924
31937
31950
31964
31977
31983
31984
31986
31993
31996
32004
32033
32036
32044
32053
32056
32059
32062
32068
32077
32090
32091
32092
32099
32100
32107
32108
32110
32121
32125
32129
32136
32140
32149
32162
32168
32174
32177
32185
32199
32207
32212
32222
32224
32235
32238
32248
32250
32252
32260
32261
32286
32287
32294
32317
32321
32322
32323
32326
32327
32330
32334
32338
32341
32343
32351
32359
32375
32376
32377
32391
32396
32398
32402
32403
32423
32424
32426
32431
32437
32438
32456
32459
32462
32464
32470
32474
32487
32490
32491
32497
32505
32520
32524
32525
32536
32537
32557
32571
32574
32579
32584
32587
32589
32602
32615
32617
32619
32622
32625
32635
32638
32653
32668
32675
32677
32687
32728
32736
32740
32743
32745
32747
32755
32756
32758
32777
32782
32788
32795
32796
32798
32809
32811
32812
32821
32826
32829
32832
32838
32840
32842
32846
32848
32852
32862
32866
32867
32880
32883
32890
32891
32895
32900
32912
32914
32923
32928
32931
32938
32947
32949
32958
32963
32964
32971
32981
32983
32988
32992
32998
32999
33005
33013
33018
33026
33027
33029
33034
33036
33040
33041
33046
33049
33052
33060
33064
33068
33070
33072
33073
33090
33095
33098
33101
33103
33106
33111
33114
33116
33120
33126
33132
33134
33137
33148
33155
33163
33169
33173
33201
33204
33205
33234
33235
33241
33249
33259
33267
33268
33294
33298
33300
33317
33319
33326
33347
33354
33356
33361
33363
33365
33375
33388
33390
33398
33400
33403
33404
33411
33414
33419
33420
33421
33423
33427
33429
33433
33434
33438
33461
33464
33473
33474
33476
33477
33479
33495
33497
33518
33531
33546
33548
33559
33563
33566
33567
33568
33577
33582
33585
33588
33592
33598
33599
33600
33620
33622
33624
33627
33628
33629
33633
33634
33648
33650
33659
33660
33661
33670
33673
33689
33691
33692
33697
33707
33712
33713
33723
33726
33752
33758
33768
33774
33776
33782
33787
33789
33813
33816
33821
33822
33840
33845
33859
33879
33885
33892
33900
33903
33909
33913
33923
33941
33962
33967
33969
33995
34001
34003
34013
34017
34020
34027
34036
34044
34048
34051
34060
34066
34072
34073
34075
34083
34086
34089
34099
34110
34119
34120
34126
34133
34152
34155
34156
34182
34183
34192
34193
34202
34208
34221
34223
34225
34230
34234
34236
34240
34245
34248
34253
34267
34275
34277
34281
34287
34289
34292
34295
34304
34317
34326
34349
34359
34361
34366
34368
34373
34382
34383
34386
34387
34388
34402
34408
34410
34412
34415
34416
34418
34423
34426
34427
34430
34435
34438
34440
34455
34471
34479
34484
34486
34495
34504
34505
34506
34511
34514
34515
34533
34534
34551
34556
34557
34567
34576
34577
34579
34591
34595
34600
34603
34605
34608
34611
34621
34627
34628
34631
34635
34641
34648
34650
34652
34654
34657
34663
34667
34673
34682
34685
34690
34692
34693
34697
34702
34705
34718
34721
34722
34726
34732
34737
34742
34744
34763
34764
34766
34772
34773
34775
34781
34789
34796
34801
34805
34809
34819
34820
34821
34827
34829
34831
34846
34848
34853
34858
34859
34865
34868
34872
34875
34877
34880
34881
34882
34892
34910
34915
34926
34932
34934
34935
34941
34943
34948
34950
34956
34979
34980
34987
34997
35000
35001
35015
35018
35028
35037
35040
35049
35066
35070
35076
35077
35083
35087
35095
35098
35103
35114
35117
35119
35125
35131
35140
35144
35148
35153
35158
35168
35183
35186
35188
35190
35200
35202
35207
35209
35220
35231
35233
35237
35244
35245
35246
35249
35259
35268
35272
35280
35282
35283
35290
35292
35301
35302
35307
35312
35313
35327
35336
35343
35353
35365
35366
35367
35381
35388
35392
35393
35402
35404
35412
35417
35418
35427
35432
35435
35441
35444
35450
35466
35467
35468
35471
35475
35478
35488
35491
35493
35501
35505
35506
35509
35521
35525
35532
35533
35545
35552
35558
35562
35569
35572
35574
35580
35582
35583
35589
35595
35597
35598
35611
35615
35624
35625
35631
35634
35644
35645
35647
35652
35661
35682
35688
35699
35700
35701
35703
35711
35713
35723
35725
35726
35728
35731
35741
35742
35749
35759
35766
35771
35772
35774
35775
35776
35782
35785
35791
35800
35811
35814
35817
35818
35838
35839
35847
35849
35853
35854
35857
35863
35877
35880
35881
35898
35901
35906
35919
35920
35921
35924
35926
35930
35933
35935
35938
35943
35952
35963
35968
35972
35975
35983
35992
36000
36002
36004
36008
36011
36012
36019
36027
36035
36043
36050
36051
36057
36062
36063
36079
36081
36085
36087
36103
36111
36116
36133
36140
36146
36150
36154
36155
36159
36160
36163
36164
36173
36175
36194
36202
36206
36213
36225
36227
36231
36236
36242
36246
36251
36256
36263
36265
36272
36288
36290
36294
36299
36303
36305
36308
36317
36319
36330
36331
36334
36336
36347
36349
36351
36358
36361
36363
36375
36377
36381
36387
36392
36403
36406
36408
36410
36412
36417
36427
36436
36438
36446
36447
36460
36461
36464
36469
36473
36479
36481
36483
36486
36491
36500
36502
36511
36515
36536
36537
36541
36547
36550
36565
36569
36574
36575
36578
36589
36591
36593
36595
36598
36599
36600
36608
36609
36610
36614
36616
36625
36628
36643
36644
36652
36668
36676
36682
36684
36685
36696
36698
36706
36712
36718
36720
36724
36729
36747
36753
36754
36756
36759
36771
36772
36788
36794
36797
36804
36819
36820
36821
36828
36830
36835
36842
36846
36851
36863
36868
36872
36882
36884
36888
36890
36899
36910
36922
36925
36927
36934
36935
36936
36949
36958
36972
36973
36974
36978
36988
36990
36999
37004
37012
37027
37028
37037
37038
37043
37044
37050
37057
37060
37062
37065
37070
37080
37082
37091
37095
37097
37105
37112
37113
37129
37132
37135
37136
37141
37154
37169
37173
37178
37180
37183
37190
37199
37215
37226
37242
37248
37253
37256
37282
37292
37301
37316
37318
37321
37324
37329
37339
37341
37349
37355
37358
37359
37364
37369
37371
37373
37376
37380
37381
37387
37391
37399
37402
37406
37409
37431
37432
37433
37444
37450
37451
37455
37456
37464
37473
37477
37478
37479
37480
37482
37487
37491
37492
37497
37504
37517
37535
37546
37554
37556
37565
37566
37571
37578
37588
37589
37597
37599
37607
37617
37619
37621
37622
37633
37634
37640
37647
37652
37662
37666
37672
37688
37700
37701
37706
37708
37712
37716
37728
37730
37735
37744
37750
37752
37759
37765
37766
37774
37776
37779
37784
37785
37793
37804
37805
37806
37808
37819
37823
37826
37849
37853
37867
37869
37870
37872
37881
37882
37885
37886
37902
37908
37914
37923
37929
37937
37938
37939
37948
37950
37958
37959
37961
37962
37966
37968
37993
37994
38002
38003
38008
38009
38010
38011
38015
38018
38021
38022
38029
38034
38042
38050
38053
38062
38065
38071
38076
38078
38089
38096
38104
38110
38130
38131
38142
38143
38144
38147
38154
38158
38159
38161
38165
38170
38173
38176
38177
38178
38184
38190
38191
38200
38202
38204
38215
38224
38259
38263
38265
38268
38284
38285
38302
38305
38319
38358
38364
38365
38368
38370
38371
38372
38373
38381
38391
38397
38404
38407
38423
38425
38437
38440
38442
38443
38449
38458
38471
38475
38480
38489
38490
38497
38499
38500
38509
38512
38516
38520
38530
38542
38547
38555
38560
38567
38580
38586
38590
38592
38614
38619
38622
38623
38628
38629
38635
38640
38659
38667
38675
38684
38690
38691
38694
38699
38702
38715
38717
38722
38732
38733
38738
38742
38745
38746
38756
38758
38767
38768
38772
38774
38778
38781
38786
38789
38790
38794
38804
38805
38815
38816
38819
38830
38844
38862
38866
38874
38878
38880
38881
38893
38895
38896
38905
38909
38910
38920
38929
38934
38948
38958
38960
38965
38967
38971
38972
38988
38996
38999
39002
39003
39005
39006
39012
39014
39021
39028
39031
39033
39037
39049
39050
39064
39066
39072
39074
39081
39087
39091
39093
39105
39106
39109
39115
39118
39120
39131
39138
39153
39160
39166
39170
39175
39191
39192
39194
39207
39209
39214
39225
39234
39236
39240
39241
39243
39250
39257
39270
39274
39276
39280
39281
39288
39292
39293
39301
39317
39322
39326
39346
39363
39364
39366
39369
39371
39380
39402
39404
39423
39428
39429
39438
39440
39457
39458
39461
39465
39466
39476
39478
39486
39490
39492
39499
39503
39506
39514
39517
39521
39524
39533
39544
39565
39566
39572
39573
39578
39579
39585
39587
39589
39596
39597
39598
39601
39604
39614
39619
39626
39635
39637
39639
39644
39649
39657
39659
39660
39668
39677
39680
39682
39686
39689
39694
39697
39703
39709
39714
39720
39721
39722
39731
39736
39738
39740
39741
39743
39746
39750
39760
39766
39772
39773
39774
39778
39782
39790
39792
39793
39810
39811
39820
39825
39831
39838
39839
39842
39843
39844
39867
39874
39878
39888
39889
39903
39907
39916
39920
39922
39923
39936
39939
39951
39959
39968
39971
39978
39980
39996
39998
40003
40005
40017
40022
40027
40039
40042
40043
40049
40056
40059
40061
40071
40076
40082
40095
40098
40105
40120
40125
40131
40132
40133
40146
40152
40153
40157
40159
40176
40179
40181
40192
40208
40210
40219
40221
40235
40237
40238
40240
40245
40258
40262
40265
40267
40270
40271
40272
40273
40276
40283
40284
40294
40311
40312
40319
40323
40335
40356
40358
40359
40362
40376
40382
40393
40394
40401
40405
40409
40415
40423
40426
40432
40434
40436
40437
40440
40454
40459
40472
40475
40476
40479
40483
40486
40488
40492
40498
40501
40520
40524
40546
40551
40552
40557
40566
40567
40571
40573
40575
40576
40582
40589
40595
40604
40606
40608
40609
40619
40623
40639
40664
40675
40677
40680
40683
40686
40691
40696
40697
40704
40715
40717
40719
40732
40743
40744
40756
40758
40768
40785
40787
40790
40792
40795
40804
40807
40816
40820
40822
40823
40829
40842
40846
40851
40852
40857
40865
40897
40900
40906
40907
40910
40911
40912
40919
40920
40942
40944
40961
40964
40977
40984
40985
40987
40989
40992
40993
40997
41001
41010
41018
41025
41032
41046
41048
41049
41052
41064
41068
41075
41080
41081
41084
41086
41087
41091
41101
41102
41106
41109
41111
41113
41119
41122
41138
41145
41147
41155
41159
41161
41167
41174
41185
41194
41197
41216
41219
41223
41229
41232
41248
41249
41250
41255
41262
41274
41279
41286
41302
41307
41312
41313
41320
41333
41336
41337
41349
41356
41359
41363
41365
41376
41380
41383
41390
41417
41422
41423
41436
41449
41462
41474
41479
41489
41494
41497
41499
41503
41506
41507
41514
41532
41534
41546
41551
41553
41564
41579
41583
41587
41592
41593
41599
41600
41606
41615
41620
41625
41634
41651
41661
41671
41677
41679
41686
41691
41702
41705
41710
41713
41722
41726
41730
41732
41735
41746
41755
41761
41762
41773
41776
41779
41780
41788
41793
41795
41797
41798
41799
41802
41831
41834
41844
41854
41859
41863
41869
41870
41873
41879
41881
41888
41898
41899
41914
41917
41922
41923
41926
41941
41944
41950
41958
41960
41961
41963
41967
41969
41977
41981
41982
41985
41988
41989
41994
41997
41998
41999
42000
42020
42026
42030
42046
42047
42053
42060
42064
42067
42071
42076
42080
42081
42084
42100
42102
42109
42112
42114
42116
42117
42123
42124
42125
42126
42136
42144
42145
42151
42166
42178
42193
42194
42196
42209
42221
42222
42230
42232
42234
42237
42244
42252
42258
42262
42274
42276
42282
42292
42293
42296
42298
42301
42310
42311
42315
42321
42322
42326
42332
42345
42348
42349
42353
42363
42366
42375
42380
42386
42393
42400
42401
42412
42418
42422
42424
42425
42432
42446
42456
42462
42463
42482
42483
42489
42492
42498
42500
42505
42508
42515
42516
42553
42554
42565
42566
42574
42581
42582
42586
42592
42597
42598
42610
42615
42617
42619
42628
42637
42639
42652
42659
42662
42665
42671
42673
42682
42686
42692
42702
42715
42718
42721
42722
42730
42731
42732
42763
42768
42771
42777
42797
42799
42810
42814
42817
42838
42839
42847
42848
42849
42853
42861
42866
42887
42897
42912
42915
42917
42920
42921
42935
42937
42941
42945
42950
42965
42967
42968
42976
42982
43009
43013
43020
43030
43044
43066
43077
43078
43081
43087
43088
43089
43097
43110
43115
43117
43118
43120
43122
43123
43125
43126
43130
43150
43154
43155
43159
43160
43161
43167
43170
43173
43177
43186
43189
43195
43197
43211
43215
43216
43218
43220
43238
43239
43242
43248
43249
43254
43260
43273
43274
43280
43281
43297
43298
43306
43307
43309
43311
43312
43320
43323
43324
43327
43331
43333
43334
43350
43356
43365
43366
43380
43389
43397
43398
43407
43417
43422
43430
43431
43445
43451
43453
43454
43461
43474
43487
43498
43518
43531
43539
43541
43551
43554
43572
43612
43620
43628
43631
43637
43644
43646
43648
43651
43665
43666
43670
43672
43673
43678
43681
43684
43689
43693
43697
43710
43722
43731
43743
43749
43754
43763
43765
43769
43772
43773
43774
43782
43784
43788
43789
43797
43806
43807
43816
43818
43819
43821
43823
43850
43852
43853
43863
43869
43874
43875
43879
43884
43899
43901
43904
43920
43926
43927
43928
43929
43936
43940
43944
43949
43968
43975
43984
43993
44000
44005
44011
44027
44033
44037
44040
44046
44048
44050
44051
44053
44057
44060
44061
44069
44072
44073
44078
44099
44104
44110
44132
44135
44136
44141
44152
44161
44181
44184
44186
44192
44193
44207
44211
44229
44230
44234
44239
44244
44245
44266
44272
44281
44282
44290
44297
44299
44304
44319
44321
44323
44326
44331
44339
44347
44363
44365
44369
44371
44378
44385
44396
44410
44415
44422
44425
44427
44434
44437
44440
44443
44445
44448
44455
44465
44474
44479
44482
44483
44496
44500
44514
44518
44522
44531
44532
44533
44537
44554
44556
44559
44563
44566
44567
44578
44579
44590
44597
44600
44611
44616
44617
44621
44649
44670
44674
44686
44687
44691
44693
44708
44713
44716
44726
44729
44731
44744
44745
44769
44773
44776
44791
44797
44798
44799
44803
44815
44817
44820
44822
44835
44841
44842
44849
44854
44855
44856
44858
44879
44887
44903
44905
44909
44910
44911
44928
44931
44941
44942
44959
44962
44973
44979
44982
44983
44990
44995
44999
45000
45001
45002
45005
45011
45015
45022
45032
45033
45035
45043
45046
45048
45052
45057
45068
45081
45082
45084
45098
45101
45103
45106
45110
10
14
99
118
197
211
224
229
251
265
382
