1036
0
22
43
45
48
59
88
94
102
112
117
137
148
151
159
166
179
194
195
196
205
211
213
214
228
250
254
266
272
274
283
287
308
348
352
362
373
379
383
417
421
424
426
428
440
445
452
457
458
459
462
464
466
490
508
526
528
548
563
564
566
593
611
612
615
652
668
681
696
733
743
747
794
808
809
818
820
853
864
879
886
891
899
904
907
923
925
930
933
938
943
945
950
958
971
974
978
983
987
1003
1009
1014
1018
1022
1026
1030
1034
1062
1063
1066
1072
1073
1074
1114
1127
1149
1164
1166
1167
1168
1172
1180
1198
1212
1219
1230
1235
1250
1260
1267
1316
1333
1340
1347
1362
1370
1371
1374
1376
1383
1393
1395
1406
1408
1417
1438
1441
1445
1463
1499
1504
1514
1528
1530
1571
1588
1591
1601
1614
1633
1635
1641
1652
1668
1680
1689
1690
1692
1694
1700
1709
1719
1738
1753
1764
1771
1772
1773
1777
1788
1791
1803
1804
1819
1838
1839
1840
1852
1859
1860
1901
1903
1933
1937
1943
1949
1956
1965
1989
1997
1998
1999
2003
2007
2009
2027
2036
2039
2040
2044
2045
2050
2051
2055
2058
2066
2068
2078
2080
2088
2127
2130
2136
2144
2157
2165
2173
2176
2178
2181
2191
2196
2207
2245
2259
2270
2274
2279
2282
2294
2305
2316
2330
2337
2351
2355
2367
2370
2372
2373
2378
2384
2410
2412
2433
2464
2470
2478
2494
2511
2524
2534
2537
2538
2571
2579
2596
2599
2618
2639
2642
2656
2662
2678
2687
2695
2699
2700
2711
2723
2730
2745
2751
2756
2773
2788
2813
2822
2845
2850
2853
2863
2877
2892
2923
2931
2948
2950
2972
2976
3021
3025
3028
3051
3085
3097
3104
3110
3142
3143
3153
3162
3172
3175
3184
3188
3197
3201
3204
3211
3216
3225
3243
3247
3272
3284
3290
3307
3315
3326
3328
3342
3347
3349
3354
3359
3366
3370
3376
3389
3411
3414
3424
3426
3437
3439
3460
3466
3482
3484
3492
3511
3524
3543
3549
3560
3574
3606
3612
3633
3635
3636
3655
3659
3661
3681
3692
3695
3697
3704
3717
3726
3741
3761
3771
3773
3778
3795
3800
3807
3825
3845
3849
3852
3857
3864
3884
3886
3912
3953
3958
3962
3970
3974
3976
3980
3985
4004
4010
4014
4041
4050
4071
4078
4083
4135
4139
4150
4167
4171
4207
4214
4239
4251
4254
4263
4271
4292
4294
4303
4310
4325
4348
4356
4371
4395
4398
4428
4442
4461
4464
4468
4492
4510
4530
4531
4547
4551
4553
4554
4566
4569
4599
4605
4661
4663
4665
4666
4669
4686
4688
4697
4699
4720
4738
4761
4767
4770
4787
4791
4792
4796
4806
4813
4823
4826
4846
4851
4895
4915
4932
4933
4955
4973
4991
5001
5004
5006
5014
5031
5034
5035
5046
5047
5051
5064
5069
5070
5076
5078
5083
5097
5099
5103
5106
5125
5138
5153
5156
5160
5168
5183
5185
5194
5204
5208
5214
5217
5245
5258
5285
5287
5301
5306
5330
5333
5338
5341
5349
5368
5387
5413
5424
5425
5426
5440
5443
5447
5455
5479
5483
5508
5513
5527
5528
5552
5560
5593
5596
5599
5603
5668
5676
5678
5680
5683
5684
5690
5697
5698
5715
5730
5741
5761
5800
5844
5886
5889
5903
5910
5912
5925
5932
5946
5966
5973
5978
5991
5995
6003
6012
6026
6051
6090
6091
6130
6136
6140
6211
6214
6263
6292
6295
6318
6324
6336
6341
6351
6357
6376
6378
6381
6385
6391
6405
6409
6428
6429
6451
6455
6462
6473
6488
6490
6498
6516
6518
6527
6552
6556
6568
6589
6592
6605
6614
6616
6633
6649
6658
6677
6684
6723
6736
6763
6780
6781
6797
6810
6811
6841
6847
6892
6900
6914
6927
6934
6941
6942
6947
6950
6967
6971
6987
6992
7017
7019
7034
7056
7060
7066
7070
7074
7080
7081
7109
7149
7151
7154
7164
7199
7203
7204
7230
7232
7240
7256
7259
7262
7290
7316
7329
7352
7374
7389
7400
7402
7431
7436
7449
7460
7462
7465
7466
7472
7480
7496
7506
7515
7518
7535
7556
7559
7570
7571
7592
7593
7601
7603
7609
7612
7617
7643
7662
7683
7765
7779
7780
7781
7785
7790
7793
7795
7822
7823
7827
7857
7881
7882
7887
7894
7912
7918
7920
7937
7946
7970
7984
8004
8012
8020
8039
8049
8059
8086
8087
8103
8114
8118
8146
8156
8160
8161
8174
8185
8197
8201
8227
8250
8278
8292
8293
8306
8307
8308
8314
8318
8322
8333
8357
8387
8397
8403
8409
8413
8421
8438
8460
8469
8470
8478
8481
8488
8492
8504
8508
8512
8567
8568
8579
8584
8604
8607
8609
8621
8627
8630
8635
8671
8680
8682
8688
8689
8690
8693
8705
8710
8732
8747
8754
8755
8777
8785
8806
8811
8818
8839
8840
8850
8859
8860
8873
8883
8885
8886
8891
8901
8908
8968
8980
8982
8985
8992
8995
9012
9022
9030
9036
9042
9045
9054
9060
9063
9076
9084
9087
9089
9097
9104
9131
9136
9150
9162
9177
9181
9182
9185
9199
9214
9245
9278
9280
9308
9320
9323
9324
9346
9375
9380
9393
9399
9412
9414
9422
9429
9430
9461
9462
9484
9508
9527
9591
9608
9617
9639
9649
9653
9658
9662
9677
9699
9711
9714
9735
9736
9742
9750
9756
9764
9772
9776
9785
9789
9861
9865
9866
9888
9940
9954
9958
9989
9993
10007
10009
10010
10012
10016
10029
10032
10034
10037
10047
10053
10061
10064
10089
10124
10134
10140
10155
10159
10169
10185
10187
10193
10194
10209
10261
10279
10280
10287
10329
10343
10345
10359
10374
10377
10396
10429
10439
10449
10461
10462
10473
10487
10488
10495
10511
10512
10513
10536
10542
10549
10552
10582
10598
10600
10602
10607
10608
10623
10643
10645
10649
10657
10676
10702
10704
10706
10708
10710
10723
10764
10783
10789
10790
10794
10801
10815
10823
10829
10832
10853
10869
10874
10875
10884
10885
10886
10891
10912
10916
10920
10923
10926
10954
10956
10971
10972
10998
11005
11009
11012
11017
11022
11029
11040
11047
11055
11092
11098
11099
11100
11102
11105
11109
11147
11148
11162
11166
11177
11178
11182
11191
11196
11199
11201
11203
11250
11262
11271
11273
11278
11280
11281
11290
11302
2
17
46
