787
2
7
12
20
38
55
68
88
91
104
108
113
114
119
125
132
139
162
179
191
194
207
214
219
229
241
243
253
260
286
290
291
292
299
305
316
318
324
325
330
349
354
401
413
426
446
447
452
463
471
474
488
498
510
512
530
532
541
561
565
566
579
590
599
608
612
636
655
661
667
668
669
674
676
679
714
721
737
742
756
764
768
773
775
797
801
803
804
805
808
822
823
824
828
829
834
844
847
875
883
892
929
932
939
940
962
969
981
984
996
1001
1007
1030
1033
1054
1059
1089
1111
1118
1122
1128
1132
1145
1151
1170
1172
1177
1179
1189
1193
1197
1198
1204
1217
1228
1242
1258
1268
1271
1281
1290
1301
1310
1311
1314
1324
1327
1333
1346
1359
1360
1365
1366
1376
1387
1389
1397
1399
1402
1409
1413
1417
1432
1436
1452
1455
1461
1463
1466
1482
1491
1495
1502
1508
1515
1521
1524
1529
1531
1538
1549
1556
1558
1561
1572
1600
1608
1613
1615
1616
1618
1620
1621
1632
1644
1655
1667
1668
1673
1699
1704
1705
1750
1777
1789
1791
1793
1803
1806
1829
1834
1844
1855
1856
1857
1859
1860
1870
1873
1880
1882
1890
1892
1893
1898
1902
1911
1926
1929
1930
1955
1964
1972
1980
1984
1988
2008
2010
2019
2020
2027
2029
2032
2035
2036
2048
2053
2057
2069
2073
2075
2086
2087
2091
2103
2116
2119
2122
2124
2126
2141
2151
2153
2155
2158
2164
2168
2169
2181
2185
2195
2199
2220
2230
2231
2250
2252
2254
2257
2260
2270
2274
2276
2285
2302
2306
2309
2314
2315
2316
2329
2335
2340
2367
2369
2373
2376
2388
2394
2399
2406
2412
2415
2422
2453
2474
2481
2493
2538
2541
2545
2550
2553
2554
2562
2587
2591
2600
2624
2629
2641
2642
2645
2648
2651
2655
2661
2668
2677
2685
2694
2702
2717
2721
2722
2723
2727
2731
2751
2755
2760
2761
2775
2780
2791
2793
2794
2802
2803
2813
2816
2821
2830
2857
2869
2879
2893
2914
2938
2940
2945
2949
2950
2957
2959
2980
2985
3020
3021
3023
3028
3048
3055
3067
3072
3073
3077
3086
3087
3091
3093
3096
3104
3111
3121
3126
3147
3148
3150
3153
3157
3159
3161
3167
3181
3186
3202
3206
3209
3215
3219
3222
3226
3242
3246
3252
3256
3267
3275
3281
3284
3299
3301
3302
3306
3322
3323
3325
3331
3343
3356
3364
3366
3378
3404
3413
3448
3452
3453
3455
3457
3461
3477
3524
3536
3544
3545
3571
3573
3574
3577
3582
3600
3601
3602
3609
3610
3619
3626
3628
3633
3644
3654
3665
3667
3681
3689
3690
3693
3695
3714
3755
3760
3762
3780
3783
3790
3794
3797
3798
3816
3826
3827
3841
3844
3855
3865
3876
3883
3893
3897
3905
3911
3913
3918
3919
3924
3933
3934
3940
3950
3953
3965
3969
3973
3977
4025
4034
4043
4060
4077
4081
4133
4140
4152
4169
4171
4180
4183
4185
4194
4197
4203
4206
4216
4218
4220
4221
4223
4224
4244
4254
4258
4263
4272
4284
4295
4305
4307
4308
4311
4328
4330
4338
4339
4347
4357
4362
4375
4407
4412
4418
4425
4435
4442
4468
4469
4472
4474
4480
4487
4489
4492
4535
4542
4552
4561
4563
4570
4573
4580
4581
4583
4590
4614
4640
4646
4665
4670
4699
4701
4713
4715
4719
4736
4739
4741
4742
4743
4754
4757
4758
4761
4777
4790
4803
4811
4823
4832
4836
4842
4859
4870
4883
4890
4891
4899
4902
4921
4947
4949
4953
4954
4963
4971
4986
5001
5011
5016
5021
5044
5049
5052
5069
5075
5080
5084
5123
5128
5130
5131
5145
5157
5166
5169
5174
5178
5189
5209
5213
5218
5223
5236
5237
5239
5242
5265
5266
5273
5276
5278
5303
5307
5320
5343
5350
5358
5360
5365
5366
5379
5384
5387
5390
5404
5408
5416
5419
5423
5424
5439
5440
5459
5461
5464
5465
5470
5478
5486
5507
5518
5520
5523
5531
5557
5583
5601
5607
5610
5627
5631
5633
5639
5645
5660
5666
5694
5704
5706
5707
5717
5737
5745
5754
5768
5775
5793
5796
5805
5806
5825
5842
5843
5852
5865
5866
5868
5871
5872
5890
5904
5908
5911
5924
5935
5953
5956
5959
5961
5964
5970
5977
5978
5981
5983
5985
5988
6002
6007
6016
6021
6027
6028
6035
6050
6057
6063
6071
6084
6091
6096
6107
6130
6131
6132
6134
6135
6137
6147
6149
6162
6177
6180
6199
6211
6215
6219
6230
6249
6255
6256
6265
6267
6283
6293
6302
6304
6305
6309
6321
6325
6327
6329
6330
6332
6335
6339
6388
6392
6401
6405
6427
6428
6434
6435
6448
6450
3
16
27
85
