290
5
8
9
13
22
83
86
97
118
140
142
148
157
159
162
165
189
205
208
215
228
233
241
253
254
263
267
270
274
289
293
297
298
319
329
331
337
346
349
353
356
358
362
368
370
372
375
409
419
429
431
443
445
450
453
456
458
459
460
468
469
480
481
503
505
518
523
543
558
597
625
638
642
648
651
657
658
666
667
668
672
674
679
681
689
718
742
743
764
770
777
782
784
785
788
801
802
804
808
842
849
869
871
883
887
934
943
963
966
975
976
988
993
1004
1025
1026
1040
1054
1056
1060
1069
1075
1084
1106
1126
1137
1150
1151
1152
1165
1169
1176
1183
1190
1195
1203
1213
1228
1233
1234
1241
1248
1250
1256
1260
1276
1280
1281
1285
1294
1296
1300
1301
1322
1332
1345
1346
1349
1359
1366
1370
1371
1379
1382
1395
1410
1416
1426
1464
1467
1472
1496
1498
1528
1529
1531
1534
1537
1552
1564
1568
1570
1571
1574
1583
1593
1606
1611
1614
1643
1657
1665
1670
1673
1680
1703
1706
1716
1741
1742
1766
1773
1781
1798
1810
1814
1818
1827
1829
1843
1845
1849
1864
1877
1882
1899
1902
1913
1915
1917
1928
1950
1960
1970
1974
1975
1976
1977
1993
2011
2018
2033
2034
2035
2047
2056
2060
2069
2079
2081
2089
2091
2120
2131
2136
2142
2144
2149
2150
2156
2168
2169
2189
2204
2225
2231
2239
2243
2255
2262
2264
2267
2269
2282
2292
2293
2303
2316
2317
2319
2324
2327
2334
2341
2343
2346
2371
2377
2385
2394
2396
2407
2409
2423
2431
2435
2438
2441
2443
2446
13
1
6
8
18
34
48
53
59
86
101
107
112
161
