190
0
2
5
20
28
35
41
51
82
83
96
125
146
154
164
165
185
186
187
190
201
217
227
232
233
246
269
285
299
303
304
331
336
338
352
354
365
381
385
407
409
414
420
430
464
472
478
486
501
512
546
558
571
575
583
588
608
609
639
640
650
658
661
671
705
707
712
746
755
760
769
785
801
802
809
845
853
865
868
874
917
942
970
1027
1040
1075
1090
1093
1097
1119
1122
1124
1133
1152
1154
1156
1167
1204
1212
1224
1237
1239
1255
1264
1269
1280
1283
1286
1296
1311
1314
1321
1344
1361
1365
1373
1385
1392
1395
1405
1406
1453
1458
1469
1481
1484
1492
1498
1512
1513
1516
1530
1541
1559
1571
1581
1589
1608
1640
1645
1652
1689
1703
1707
1719
1727
1735
1767
1770
1790
1801
1807
1814
1823
1825
1828
1830
1834
1835
1856
1874
1884
1887
1922
1936
1963
1967
1978
1980
1989
2001
2003
2038
2046
2067
2075
2083
2084
2096
2099
2112
2125
2126
2128
2136
2141
2143
2148
2150
2160
11
8
31
43
46
59
75
85
101
111
134
159
