4373
9
34
37
42
51
56
62
72
83
86
113
121
126
132
144
146
147
149
173
195
204
211
220
221
247
260
267
292
297
313
319
321
333
336
339
346
347
355
357
368
379
386
387
391
394
402
427
440
461
463
477
493
516
518
519
520
525
528
529
534
537
548
555
557
558
563
573
575
577
583
588
589
599
609
615
620
622
625
632
633
650
651
655
658
672
673
674
675
689
700
704
705
706
707
728
735
743
753
763
764
777
793
802
808
815
822
841
843
845
855
901
902
910
939
943
950
966
986
989
990
991
992
1002
1017
1019
1022
1023
1028
1032
1037
1042
1049
1055
1069
1085
1106
1113
1115
1133
1136
1138
1163
1174
1186
1192
1206
1208
1212
1230
1253
1265
1306
1313
1334
1342
1364
1368
1371
1379
1383
1390
1392
1404
1409
1418
1428
1448
1451
1462
1513
1519
1524
1529
1547
1555
1576
1592
1598
1599
1603
1607
1622
1627
1645
1647
1653
1670
1677
1692
1698
1716
1721
1728
1759
1782
1795
1803
1811
1813
1832
1844
1851
1876
1884
1890
1920
1928
1936
1943
1946
1952
1973
1975
1978
1981
1983
1994
1995
2008
2029
2049
2067
2072
2076
2079
2084
2093
2094
2099
2100
2110
2113
2119
2148
2156
2158
2167
2171
2173
2175
2192
2197
2202
2205
2208
2209
2225
2235
2240
2247
2254
2265
2278
2282
2286
2305
2308
2314
2320
2326
2333
2347
2351
2370
2385
2393
2422
2427
2433
2436
2437
2447
2451
2454
2455
2460
2480
2483
2498
2518
2541
2542
2550
2556
2562
2570
2577
2578
2591
2595
2635
2640
2647
2648
2654
2658
2678
2683
2684
2710
2712
2715
2723
2726
2732
2740
2745
2750
2761
2767
2778
2786
2788
2792
2794
2801
2808
2814
2830
2845
2849
2854
2857
2874
2875
2876
2885
2892
2897
2909
2913
2926
2944
2956
2962
2964
2973
2995
2997
3003
3007
3011
3035
3036
3043
3044
3046
3047
3050
3060
3063
3067
3076
3088
3116
3135
3143
3154
3160
3177
3184
3201
3208
3218
3241
3261
3270
3284
3306
3308
3309
3318
3327
3333
3336
3342
3346
3349
3357
3376
3381
3398
3417
3420
3426
3438
3444
3451
3453
3454
3457
3469
3470
3474
3478
3488
3504
3506
3519
3570
3596
3606
3609
3611
3620
3622
3632
3647
3659
3664
3681
3693
3706
3714
3719
3721
3728
3736
3742
3754
3766
3776
3786
3787
3810
3811
3830
3831
3851
3857
3880
3882
3893
3894
3906
3919
3922
3923
3937
3944
3949
3962
3968
3981
3986
3998
4010
4011
4018
4040
4044
4059
4060
4066
4071
4073
4075
4096
4103
4107
4112
4114
4117
4126
4147
4152
4159
4161
4202
4215
4232
4242
4253
4256
4261
4269
4270
4274
4276
4282
4283
4296
4302
4312
4327
4328
4329
4341
4350
4358
4362
4370
4371
4384
4395
4397
4399
4407
4412
4428
4429
4432
4434
4438
4455
4456
4463
4471
4478
4509
4514
4520
4521
4525
4527
4548
4549
4555
4565
4579
4582
4591
4593
4596
4612
4622
4637
4652
4663
4667
4692
4699
4704
4708
4711
4712
4726
4777
4785
4787
4815
4819
4821
4825
4828
4829
4831
4842
4848
4853
4859
4871
4877
4883
4895
4898
4903
4914
4921
4951
4952
4956
4957
4958
4965
4974
4980
4986
4991
4992
5021
5023
5034
5052
5079
5082
5107
5112
5124
5125
5137
5139
5141
5145
5148
5162
5170
5173
5175
5190
5198
5201
5216
5217
5237
5242
5264
5291
5296
5314
5322
5323
5333
5365
5369
5383
5388
5397
5407
5415
5417
5426
5438
5439
5442
5444
5445
5452
5456
5462
5489
5527
5533
5571
5578
5591
5596
5604
5618
5627
5639
5640
5667
5690
5702
5712
5713
5722
5739
5742
5747
5748
5754
5765
5771
5777
5786
5795
5822
5834
5844
5846
5856
5866
5884
5895
5903
5911
5912
5921
5947
5951
5957
5974
5983
6011
6030
6065
6066
6068
6070
6077
6091
6098
6113
6139
6142
6154
6164
6177
6182
6189
6207
6211
6224
6225
6240
6251
6255
6260
6269
6273
6285
6301
6313
6317
6333
6351
6353
6361
6362
6366
6376
6381
6389
6390
6407
6410
6414
6415
6417
6434
6435
6448
6449
6456
6458
6471
6480
6485
6487
6488
6489
6496
6500
6506
6518
6531
6536
6543
6573
6575
6582
6586
6594
6620
6626
6629
6634
6637
6646
6647
6670
6680
6682
6685
6686
6701
6720
6726
6730
6731
6734
6743
6748
6749
6750
6752
6760
6762
6781
6787
6794
6807
6815
6819
6826
6829
6832
6841
6867
6877
6878
6885
6924
6930
6956
6959
6977
6985
7028
7030
7047
7051
7053
7054
7055
7060
7061
7062
7063
7066
7069
7073
7075
7080
7084
7090
7100
7106
7113
7115
7118
7122
7123
7138
7152
7154
7164
7177
7179
7198
7203
7211
7218
7233
7234
7237
7249
7261
7271
7279
7282
7305
7313
7318
7340
7343
7347
7364
7366
7386
7409
7411
7425
7429
7440
7451
7463
7477
7479
7483
7487
7493
7494
7514
7525
7546
7548
7554
7558
7565
7600
7604
7633
7637
7651
7653
7665
7688
7724
7727
7728
7735
7745
7747
7750
7755
7756
7758
7760
7774
7777
7779
7783
7784
7786
7788
7803
7826
7827
7828
7831
7840
7855
7858
7869
7872
7876
7879
7880
7884
7898
7913
7933
7946
7951
7952
7955
7961
7965
7970
7977
7981
7988
8002
8004
8005
8012
8025
8026
8035
8044
8050
8058
8070
8076
8077
8117
8133
8162
8176
8210
8213
8214
8225
8226
8230
8235
8253
8256
8268
8272
8277
8285
8287
8291
8297
8299
8309
8311
8312
8313
8334
8344
8348
8352
8382
8384
8385
8386
8413
8422
8432
8440
8441
8447
8451
8453
8462
8479
8492
8493
8507
8515
8517
8535
8550
8569
8584
8586
8600
8606
8623
8648
8651
8665
8668
8675
8689
8695
8699
8705
8711
8714
8716
8720
8721
8725
8730
8734
8742
8749
8759
8768
8771
8780
8787
8788
8821
8829
8832
8837
8839
8849
8856
8864
8873
8875
8881
8884
8891
8892
8914
8922
8952
8955
8963
8971
8975
8980
8981
8990
8991
9010
9021
9028
9032
9046
9047
9051
9058
9063
9064
9066
9069
9074
9093
9103
9107
9115
9116
9120
9131
9142
9149
9157
9195
9198
9205
9211
9218
9226
9232
9253
9261
9290
9292
9299
9316
9337
9351
9356
9364
9384
9386
9389
9393
9397
9400
9408
9412
9413
9415
9429
9432
9436
9448
9449
9453
9461
9462
9464
9466
9481
9488
9497
9499
9507
9513
9521
9523
9526
9531
9545
9549
9573
9577
9587
9591
9611
9612
9615
9617
9633
9650
9656
9674
9677
9692
9716
9739
9765
9783
9786
9788
9790
9798
9806
9819
9821
9823
9827
9828
9858
9880
9886
9896
9899
9906
9908
9914
9919
9923
9926
9930
9939
9941
9945
9947
9963
9971
9972
9987
10000
10002
10023
10026
10028
10036
10038
10059
10063
10078
10082
10094
10098
10113
10127
10153
10167
10169
10171
10176
10204
10218
10232
10234
10238
10246
10247
10249
10274
10283
10292
10311
10316
10319
10330
10340
10348
10354
10368
10369
10377
10391
10395
10402
10417
10421
10429
10434
10453
10455
10461
10481
10486
10489
10490
10493
10520
10547
10560
10567
10568
10573
10578
10581
10587
10617
10621
10623
10627
10638
10642
10649
10655
10659
10662
10665
10671
10673
10674
10675
10693
10708
10710
10718
10719
10722
10728
10734
10735
10737
10756
10762
10774
10775
10780
10782
10784
10789
10790
10794
10815
10817
10827
10839
10848
10867
10879
10885
10901
10902
10908
10910
10916
10924
10931
10942
10949
10952
10962
10973
10984
10995
11006
11015
11017
11024
11039
11065
11069
11111
11112
11120
11121
11131
11141
11150
11163
11173
11180
11181
11187
11191
11192
11206
11211
11212
11219
11224
11229
11233
11271
11274
11290
11293
11305
11312
11325
11336
11342
11346
11377
11405
11411
11412
11418
11422
11425
11431
11432
11439
11444
11445
11446
11448
11454
11455
11457
11481
11482
11486
11488
11490
11494
11512
11515
11516
11520
11532
11539
11556
11560
11563
11579
11608
11612
11618
11641
11655
11657
11662
11664
11665
11668
11670
11677
11679
11682
11686
11688
11692
11702
11713
11728
11731
11760
11766
11771
11793
11796
11804
11815
11828
11848
11851
11855
11867
11880
11894
11898
11908
11913
11918
11925
11933
11946
11947
11954
11961
11970
11980
11987
11992
11994
11996
11997
12005
12054
12056
12059
12075
12089
12107
12112
12128
12149
12156
12161
12184
12188
12190
12198
12202
12203
12206
12212
12228
12235
12238
12252
12253
12254
12262
12264
12270
12277
12280
12286
12296
12297
12298
12300
12306
12311
12317
12330
12358
12362
12367
12368
12370
12400
12403
12409
12414
12419
12420
12427
12433
12443
12449
12450
12454
12459
12463
12466
12472
12477
12484
12487
12499
12503
12509
12511
12515
12522
12526
12530
12533
12544
12550
12555
12558
12567
12593
12598
12602
12607
12612
12617
12619
12633
12646
12658
12663
12664
12674
12684
12688
12689
12692
12694
12711
12726
12747
12758
12769
12785
12788
12792
12793
12795
12810
12819
12842
12848
12857
12860
12861
12864
12879
12880
12897
12906
12913
12930
12946
12947
12949
12950
12958
12964
12968
12987
12989
12995
12996
12997
13018
13059
13062
13088
13091
13095
13099
13101
13125
13134
13179
13180
13184
13185
13189
13191
13197
13200
13212
13228
13232
13235
13241
13253
13259
13262
13269
13274
13276
13292
13296
13298
13303
13305
13317
13320
13325
13326
13335
13348
13351
13352
13358
13359
13378
13385
13416
13421
13422
13439
13444
13445
13458
13470
13473
13474
13487
13502
13508
13516
13520
13537
13546
13550
13565
13566
13571
13577
13587
13588
13596
13603
13613
13617
13621
13628
13641
13643
13645
13646
13648
13650
13653
13657
13658
13659
13663
13677
13716
13727
13737
13745
13748
13749
13756
13758
13789
13794
13807
13825
13834
13841
13844
13848
13869
13874
13883
13889
13896
13911
13939
13941
13943
13949
13953
13955
13956
13967
13978
13987
13993
14002
14018
14019
14021
14028
14040
14043
14052
14056
14069
14074
14076
14084
14093
14137
14140
14161
14167
14170
14175
14201
14213
14226
14246
14248
14258
14260
14267
14274
14277
14283
14289
14291
14295
14298
14301
14327
14332
14337
14339
14369
14372
14382
14384
14392
14398
14404
14409
14419
14422
14423
14433
14441
14473
14475
14485
14487
14494
14506
14510
14514
14518
14522
14528
14533
14535
14536
14541
14556
14559
14561
14562
14564
14566
14577
14581
14586
14606
14609
14611
14613
14617
14620
14638
14645
14652
14668
14695
14707
14737
14739
14744
14755
14762
14766
14771
14782
14784
14799
14813
14842
14860
14865
14902
14950
14951
14970
14973
14975
14979
14983
14995
14998
15011
15021
15025
15029
15034
15044
15048
15049
15051
15061
15100
15103
15126
15133
15135
15143
15152
15153
15168
15171
15178
15184
15192
15194
15212
15214
15229
15239
15256
15261
15269
15296
15303
15322
15327
15335
15339
15344
15351
15391
15401
15403
15420
15424
15426
15431
15448
15452
15455
15459
15467
15469
15481
15482
15513
15519
15528
15533
15539
15541
15542
15545
15547
15551
15553
15562
15564
15574
15576
15588
15600
15607
15635
15648
15651
15661
15690
15692
15697
15706
15707
15714
15718
15729
15738
15740
15745
15746
15747
15766
15803
15822
15823
15835
15842
15845
15848
15850
15860
15865
15881
15882
15887
15894
15903
15908
15918
15921
15923
15952
15970
15990
15992
15995
16028
16030
16032
16033
16044
16050
16060
16069
16076
16098
16107
16116
16135
16152
16159
16185
16197
16201
16214
16219
16220
16246
16247
16248
16265
16268
16286
16292
16325
16331
16345
16346
16347
16387
16391
16403
16416
16439
16441
16445
16450
16479
16485
16486
16498
16500
16558
16560
16569
16574
16579
16587
16595
16597
16598
16608
16609
16612
16615
16616
16627
16635
16639
16652
16666
16682
16726
16749
16753
16765
16779
16807
16818
16824
16837
16851
16875
16892
16896
16900
16904
16912
16913
16914
16934
16936
16946
16972
16975
16982
16990
16992
16997
16999
17023
17036
17054
17081
17082
17088
17103
17106
17111
17121
17133
17140
17162
17189
17190
17194
17196
17197
17207
17218
17222
17224
17225
17231
17234
17265
17266
17271
17277
17286
17294
17300
17324
17327
17330
17331
17332
17333
17347
17359
17364
17396
17405
17408
17419
17421
17422
17439
17447
17454
17481
17484
17495
17504
17511
17515
17516
17521
17522
17550
17584
17598
17601
17602
17605
17620
17624
17628
17629
17631
17633
17638
17646
17652
17675
17692
17695
17696
17697
17699
17703
17715
17719
17722
17727
17732
17736
17738
17741
17744
17749
17751
17760
17769
17772
17788
17789
17796
17801
17819
17839
17841
17852
17857
17870
17879
17890
17895
17932
17937
17945
17953
17958
17960
17962
17980
17998
18001
18011
18016
18021
18030
18045
18066
18067
18084
18089
18090
18102
18116
18129
18142
18151
18159
18160
18164
18168
18174
18178
18182
18243
18248
18269
18281
18320
18321
18334
18351
18354
18356
18360
18372
18385
18400
18402
18404
18407
18417
18418
18422
18423
18437
18444
18449
18453
18454
18458
18461
18471
18473
18474
18476
18481
18498
18501
18508
18511
18517
18532
18536
18562
18567
18569
18572
18588
18590
18595
18603
18616
18621
18623
18628
18662
18664
18665
18670
18671
18672
18674
18724
18737
18740
18742
18746
18754
18756
18758
18766
18780
18812
18818
18834
18838
18867
18870
18873
18879
18881
18892
18905
18919
18922
18930
18933
18937
18942
18951
18957
18983
18985
18987
19009
19022
19024
19028
19044
19047
19051
19059
19076
19084
19115
19121
19122
19124
19125
19134
19165
19169
19178
19185
19198
19208
19212
19215
19219
19222
19232
19241
19246
19257
19266
19272
19277
19279
19299
19312
19313
19318
19324
19329
19343
19348
19365
19404
19415
19423
19428
19445
19448
19451
19457
19471
19474
19510
19524
19528
19536
19538
19547
19548
19551
19555
19563
19569
19572
19573
19574
19594
19595
19599
19625
19626
19628
19630
19632
19649
19650
19654
19656
19674
19684
19692
19707
19735
19747
19748
19749
19755
19758
19761
19762
19763
19775
19779
19789
19810
19813
19826
19830
19843
19848
19858
19859
19865
19869
19870
19872
19875
19884
19885
19891
19917
19927
19928
19934
19935
19941
19964
19971
19979
19988
19990
19997
20005
20018
20023
20042
20043
20051
20064
20073
20083
20086
20092
20100
20104
20111
20117
20132
20142
20147
20153
20159
20176
20193
20210
20212
20217
20230
20234
20245
20247
20278
20287
20300
20309
20315
20318
20324
20326
20332
20351
20375
20386
20388
20400
20406
20413
20418
20427
20465
20476
20485
20495
20496
20509
20529
20533
20539
20558
20568
20574
20584
20586
20597
20605
20618
20664
20669
20672
20673
20679
20686
20708
20709
20718
20748
20751
20762
20781
20787
20798
20799
20805
20814
20817
20839
20841
20842
20865
20894
20904
20905
20927
20928
20929
20934
20954
20958
20963
20964
20969
20975
20981
20982
20994
20997
21005
21008
21030
21048
21064
21083
21104
21107
21119
21135
21145
21156
21158
21168
21175
21180
21184
21188
21189
21202
21208
21219
21237
21242
21253
21260
21270
21273
21283
21285
21289
21293
21295
21297
21306
21331
21337
21352
21366
21370
21381
21390
21391
21393
21406
21414
21429
21442
21446
21449
21460
21479
21482
21487
21511
21512
21529
21532
21535
21548
21561
21564
21583
21585
21599
21604
21608
21609
21622
21624
21626
21627
21636
21640
21648
21649
21662
21682
21688
21691
21705
21714
21722
21724
21743
21744
21791
21804
21807
21811
21822
21854
21860
21866
21872
21892
21893
21899
21900
21902
21906
21915
21919
21931
21937
21939
21960
21967
21980
22024
22034
22042
22045
22047
22053
22056
22060
22061
22071
22076
22091
22103
22109
22112
22136
22144
22149
22157
22159
22164
22167
22168
22170
22176
22198
22206
22208
22222
22235
22237
22244
22249
22257
22272
22273
22277
22282
22300
22309
22331
22333
22346
22350
22357
22364
22367
22375
22384
22386
22391
22392
22407
22412
22415
22419
22439
22452
22460
22472
22478
22498
22501
22505
22520
22521
22524
22554
22558
22561
22562
22578
22579
22591
22596
22598
22610
22613
22635
22638
22646
22650
22660
22664
22667
22673
22679
22685
22692
22700
22701
22713
22736
22741
22744
22752
22756
22768
22771
22792
22799
22818
22821
22824
22831
22846
22854
22865
22870
22873
22887
22893
22894
22912
22926
22928
22934
22935
22938
22943
22955
22957
22969
22973
22974
22975
22979
22987
22988
22993
22996
23023
23027
23035
23057
23079
23099
23101
23125
23130
23135
23144
23145
23149
23156
23169
23172
23195
23199
23200
23236
23246
23274
23277
23291
23309
23316
23329
23330
23331
23334
23343
23353
23358
23361
23369
23375
23378
23379
23392
23416
23441
23471
23485
23487
23490
23502
23522
23528
23548
23549
23554
23557
23584
23587
23589
23594
23599
23600
23618
23627
23642
23649
23650
23655
23657
23661
23664
23667
23670
23681
23694
23696
23715
23733
23743
23755
23774
23775
23792
23801
23810
23815
23817
23849
23865
23866
23874
23876
23880
23887
23891
23900
23912
23918
23926
23929
23964
23977
23997
24004
24018
24019
24029
24046
24059
24069
24078
24093
24097
24098
24114
24115
24127
24131
24136
24154
24159
24169
24181
24182
24195
24208
24211
24220
24221
24222
24237
24246
24252
24258
24267
24271
24272
24282
24285
24287
24306
24308
24309
24311
24314
24326
24334
24344
24348
24349
24364
24370
24384
24400
24414
24424
24444
24445
24456
24473
24480
24482
24496
24507
24510
24516
24517
24526
24529
24539
24542
24544
24545
24568
24573
24579
24580
24584
24590
24606
24612
24645
24647
24649
24651
24654
24660
24662
24665
24679
24684
24694
24707
24730
24733
24747
24751
24779
24787
24796
24804
24813
24814
24832
24836
24862
24865
24884
24892
24896
24899
24903
24910
24923
24930
24936
24937
24941
24972
24979
25000
25010
25012
25016
25042
25043
25063
25064
25073
25080
25096
25106
25119
25128
25130
25135
25156
25185
25193
25207
25218
25221
25240
25257
25260
25275
25276
25277
25290
25302
25313
25332
25340
25345
25356
25359
25364
25365
25368
25381
25390
25413
25415
25420
25434
25454
25458
25461
25465
25468
25470
25477
25478
25481
25491
25498
25524
25527
25528
25532
25541
25545
25557
25564
25567
25572
25583
25586
25608
25613
25625
25633
25646
25648
25659
25672
25673
25685
25706
25716
25718
25727
25734
25736
25740
25741
25749
25755
25793
25804
25809
25819
25827
25865
25876
25888
25890
25892
25897
25904
25906
25918
25920
25927
25928
25937
25946
25955
25986
25992
26023
26026
26027
26031
26042
26066
26067
26071
26072
26084
26086
26093
26096
26097
26122
26124
26125
26135
26137
26149
26153
26156
26157
26174
26179
26207
26219
26220
26227
26246
26260
26266
26270
26271
26280
26292
26298
26303
26315
26316
26324
26335
26344
26355
26360
26394
26415
26430
26431
26435
26456
26467
26478
26485
26513
26517
26519
26522
26525
26529
26573
26579
26585
26588
26597
26600
26611
26612
26613
26618
26619
26629
26636
26639
26650
26663
26668
26673
26676
26683
26690
26702
26705
26720
26722
26729
26743
26762
26780
26801
26811
26812
26816
26821
26822
26824
26848
26886
26899
26903
26906
26915
26931
26942
26943
26949
26952
26972
26979
26998
27001
27010
27025
27032
27035
27037
27045
27049
27052
27054
27055
27062
27064
27079
27084
27090
27092
27094
27098
27099
27109
27114
27121
27146
27160
27161
27166
27177
27187
27240
27246
27254
27261
27270
27299
27300
27302
27303
27306
27323
27332
27333
27334
27355
27358
27368
27369
27384
27397
27405
27411
27419
27431
27436
27470
27474
27490
27497
27507
27510
27519
27520
27529
27544
27556
27560
27580
27587
27606
27608
27614
27618
27622
27627
27630
27632
27634
27656
27667
27673
27705
27710
27719
27723
27724
27747
27748
27753
27775
27777
27778
27780
27786
27793
27800
27835
27842
27854
27859
27864
27870
27878
27885
27891
27897
27912
27915
27922
27929
27958
27962
27969
27978
27985
27986
28004
28011
28031
28071
28086
28091
28117
28124
28140
28143
28144
28150
28168
28177
28178
28181
28182
28193
28194
28195
28201
28215
28236
28238
28246
28248
28249
28264
28282
28284
28285
28288
28301
28319
28320
28330
28362
28368
28374
28384
28389
28393
28394
28396
28401
28418
28424
28426
28427
28434
28441
28444
28466
28470
28474
28478
28487
28490
28504
28525
28531
28540
28544
28550
28571
28574
28588
28607
28610
28613
28619
28625
28634
28638
28652
28655
28659
28665
28676
28687
28705
28718
28724
28726
28727
28734
28745
28774
28786
28792
28798
28822
28829
28832
28834
28835
28837
28857
28876
28877
28882
28890
28893
28899
28900
28903
28907
28911
28913
28918
28930
28943
28949
28958
28966
28971
28978
28983
28995
29007
29014
29033
29044
29046
29052
29063
29067
29068
29071
29080
29085
29106
29108
29109
29125
29146
29174
29185
29190
29201
29205
29207
29213
29217
29220
29234
29240
29245
29259
29262
29275
29287
29292
29306
29314
29320
29341
29348
29352
29354
29356
29357
29386
29394
29410
29411
29416
29421
29430
29431
29433
29443
29457
29471
29472
29507
29513
29531
29540
29543
29552
29553
29578
29590
29595
29603
29612
29623
29626
29629
29631
29656
29665
29669
29672
29676
29677
29683
29686
29696
29702
29716
29725
29741
29745
29752
29778
29792
29798
29803
29805
29811
29823
29826
29836
29842
29876
29881
29900
29902
29903
29920
29942
29955
29956
29963
29974
29999
30017
30020
30024
30042
30047
30049
30054
30056
30058
30059
30063
30067
30072
30073
30078
30085
30090
30095
30104
30112
30135
30136
30141
30147
30159
30224
30233
30236
30246
30257
30274
30277
30279
30303
30304
30310
30314
30318
30322
30334
30362
30365
30368
30370
30376
30390
30403
30408
30419
30425
30432
30438
30441
30445
30471
30474
30478
30493
30507
30530
30553
30568
30579
30583
30584
30603
30611
30621
30626
30643
30652
30658
30661
30673
30689
30693
30705
30709
30717
30719
30722
30730
30738
30752
30755
30775
30790
30792
30809
30812
30821
30834
30874
30879
30907
30917
30932
30934
30939
30940
30944
30983
30990
30994
30996
31002
31020
31024
31034
31035
31058
31060
31065
31073
31075
31076
31077
31087
31088
31119
31140
31153
31160
31188
31192
31195
31207
31216
31234
31237
31241
31261
31280
31294
31295
31307
31322
31324
31327
31335
31336
31340
31341
31362
31366
31367
31370
31373
31376
31409
31410
31415
31446
31452
31453
31459
31461
31464
31467
31469
31471
31475
31476
31478
31479
31485
31487
31489
31516
31531
31537
31547
31550
31551
31562
31582
31611
31616
31618
31630
31631
31634
31640
31643
31648
31660
31662
31665
31671
31674
31685
31687
31691
31692
31707
31716
31734
31739
31752
31756
31760
31766
31775
31776
31777
31781
31794
31800
31807
31815
31827
31831
31834
31838
31842
31844
31852
31858
31860
31880
31912
31914
31924
31934
31935
31937
31942
31959
31982
31990
31992
32013
32023
32035
32043
32052
32063
32064
32069
32078
32098
32102
32118
32138
32139
32140
32142
32155
32164
32185
32190
32203
32205
32209
32221
32226
32241
32248
32252
32283
32292
32309
32313
32316
32324
32329
32332
32334
32348
32349
32354
32364
32374
32378
32382
32393
32399
32409
32411
32423
32428
32433
32442
32452
32453
32474
32490
32492
32503
32509
32510
32511
32517
32518
32523
32552
32586
32588
32601
32626
32630
32638
32646
32648
32661
32676
32677
32708
32728
32738
32742
32747
32749
32762
32769
32770
32775
32782
32783
32784
32805
32808
32833
32838
32852
32858
32859
32865
32870
32871
32897
32899
32908
32917
32932
32939
32948
32961
33000
33009
33019
33022
33026
33042
33044
33056
33058
33082
33088
33090
33101
33115
33116
33119
33129
33164
33181
33186
33195
33196
33203
33212
33231
33232
33237
33247
33257
33258
33263
33267
33285
33292
33295
33299
33300
33301
33303
33333
33355
33364
33368
33372
33373
33376
33380
33384
33387
33391
33404
33411
33414
33421
33433
33441
33444
33449
33450
33457
33486
33501
33502
33504
33513
33519
33520
33523
33532
33543
33551
33560
33563
33564
33570
33576
33577
33588
33589
33599
33606
33611
33624
33632
33635
33637
33651
33657
33662
33668
33670
33672
33694
33698
33716
33723
33727
33738
33753
33770
33772
33774
33779
33781
33804
33828
33833
33837
33843
33881
33895
33901
33904
33911
33913
33920
33921
33937
33940
33947
33950
33954
33972
33975
34001
34002
34023
34033
34037
34050
34061
34066
34071
34074
34080
34086
34087
34094
34099
34102
34119
34122
34130
34137
34154
34177
34184
34200
34208
34215
34216
34232
34245
34246
34278
34285
34287
34291
34309
34329
34333
34340
34342
34369
34371
34377
34397
34398
34401
34404
34407
34427
34434
34445
34446
34478
34487
34498
34502
34525
34536
34552
34554
34558
34564
34570
34582
34586
34593
34603
34609
34620
34653
34665
34669
34689
34691
34694
34696
34699
34707
34714
34715
34723
34726
34730
34731
34756
34761
34764
34781
34787
34801
34805
34806
34808
34814
34826
34830
34849
34850
34852
34855
34860
34890
34895
34941
34957
34962
34984
34987
34988
34992
35002
35011
35014
35016
35022
35035
35048
35062
35064
35068
35071
35095
35098
35106
35118
35125
35151
35155
35157
35159
35168
35177
35182
35192
35197
35199
35202
35209
35216
35219
35220
35226
35232
35250
35253
35262
35274
35292
35294
35300
35301
35313
35316
35331
35337
35342
35345
35348
35363
35368
35375
35383
35399
35402
35414
35421
35435
35470
35477
35481
35494
35500
35502
35510
35522
35530
35536
35550
35557
35569
35576
35578
35579
35583
35604
35611
35620
35628
35638
35664
35671
35675
35697
35704
35708
35716
35720
35723
35731
35732
35738
35748
35750
35754
35759
35832
35841
35844
35850
35858
35876
35889
35905
35932
35940
35943
35949
35951
35952
35985
35987
35995
35998
36000
36002
36018
36021
36023
36024
36041
36042
36045
36046
36081
36086
36088
36100
36116
36118
36127
36146
36160
36180
36189
36198
36214
36215
36228
36233
36239
36251
36256
36260
36263
36280
36300
36311
36316
36324
36344
36347
36377
36379
36382
36385
36411
36419
36437
36440
36445
36469
36472
36475
36476
36488
36495
36509
36510
36514
36523
36536
36541
36547
36553
36555
36577
36578
36583
36600
36613
36615
36616
36617
36642
36647
36655
36657
36662
36664
36666
36668
36687
36691
36701
36706
36729
36739
36742
36745
36758
36776
36778
36809
36813
36820
36831
36832
36833
36837
36869
36871
36882
36896
36909
36912
36915
36921
36928
36933
36950
36954
36961
36981
37027
37029
37032
37057
37059
37062
37063
37067
37076
37081
37083
37092
37106
37111
37144
37155
37167
37168
37171
37173
37200
37213
37217
37264
37272
37274
37280
37283
37295
37298
37303
37317
37320
37323
37327
37338
37352
37354
37357
37368
37385
37386
37394
37395
37402
37425
37427
37451
37452
37459
37461
37463
37482
37492
37493
37519
37523
37524
37533
37548
37555
37560
37573
37584
37589
37597
37609
37610
37627
37633
37669
37678
37699
37721
37728
37735
37739
37751
37752
37758
37761
37770
37784
37794
37795
37796
37798
37802
37803
37805
37811
37812
37819
37821
37842
37844
37846
37849
37855
37866
37868
37872
37883
37886
37906
37920
37945
37946
37959
37965
37967
37968
37981
37983
37984
37988
38006
38010
38017
38018
38030
38039
38049
38082
38087
38092
38096
38103
38107
38116
38128
38152
38161
38162
38166
38176
38179
38184
38185
6
1
50
302
383
421
448
