5645
3
10
14
16
18
19
20
27
32
35
36
46
48
52
54
57
58
72
75
93
105
111
125
126
133
135
147
152
156
158
159
165
172
186
187
196
205
207
215
216
221
223
227
233
238
239
250
256
257
264
269
273
275
276
280
284
289
291
302
303
304
305
330
334
342
346
355
360
365
369
380
382
383
394
396
399
404
407
410
415
419
423
432
436
438
447
459
463
470
473
487
495
498
503
517
521
524
544
548
560
564
565
568
570
573
578
583
585
594
598
602
613
628
630
661
666
667
668
677
678
682
685
686
687
694
697
698
705
717
719
723
741
758
761
773
779
780
783
791
802
804
810
812
821
830
831
832
837
843
851
852
855
856
859
860
866
867
878
883
887
892
901
904
905
910
917
930
935
939
947
951
952
957
959
961
972
974
977
987
991
992
1000
1001
1009
1013
1014
1015
1023
1026
1028
1033
1035
1037
1041
1042
1046
1056
1066
1070
1071
1072
1074
1076
1085
1130
1133
1135
1140
1142
1146
1147
1164
1165
1172
1181
1183
1198
1199
1202
1203
1206
1217
1225
1227
1229
1233
1234
1235
1238
1242
1243
1246
1249
1264
1268
1273
1300
1305
1307
1314
1321
1329
1335
1337
1338
1341
1348
1350
1367
1371
1384
1402
1407
1409
1414
1415
1417
1418
1423
1425
1439
1446
1450
1455
1459
1472
1483
1485
1487
1497
1500
1501
1509
1523
1526
1540
1545
1551
1552
1555
1565
1572
1581
1596
1597
1598
1601
1602
1614
1616
1617
1625
1626
1628
1638
1641
1643
1644
1649
1653
1659
1660
1662
1670
1672
1693
1694
1695
1707
1712
1721
1725
1731
1738
1742
1746
1750
1752
1757
1758
1772
1776
1781
1785
1788
1793
1794
1799
1801
1806
1811
1817
1821
1823
1839
1846
1853
1854
1858
1859
1866
1867
1869
1882
1886
1890
1900
1901
1903
1905
1917
1918
1929
1932
1936
1937
1941
1942
1952
1957
1959
1964
1965
1967
1979
1989
1993
1998
1999
2001
2015
2019
2023
2028
2029
2030
2031
2032
2035
2036
2037
2042
2044
2054
2055
2060
2061
2072
2084
2085
2090
2092
2095
2097
2100
2120
2121
2122
2123
2130
2132
2134
2139
2150
2153
2155
2158
2160
2165
2167
2168
2173
2183
2184
2185
2199
2216
2220
2224
2228
2243
2261
2263
2267
2269
2281
2283
2284
2288
2290
2298
2302
2313
2333
2343
2344
2353
2357
2359
2368
2372
2377
2378
2381
2383
2385
2392
2393
2394
2396
2399
2401
2405
2408
2410
2422
2424
2425
2430
2434
2437
2438
2446
2448
2450
2451
2464
2467
2476
2482
2492
2494
2498
2499
2506
2510
2512
2516
2517
2519
2521
2523
2524
2535
2536
2540
2550
2555
2556
2568
2579
2583
2585
2590
2594
2595
2596
2598
2602
2609
2610
2611
2612
2613
2621
2636
2641
2648
2649
2655
2656
2659
2666
2675
2676
2682
2685
2687
2688
2692
2702
2705
2709
2710
2717
2722
2725
2733
2740
2742
2744
2745
2750
2752
2755
2767
2769
2770
2771
2774
2776
2781
2791
2793
2813
2836
2839
2840
2841
2843
2848
2851
2871
2873
2875
2880
2889
2900
2904
2905
2928
2929
2930
2934
2935
2940
2954
2958
2960
2970
2979
2986
2995
3004
3011
3016
3017
3018
3022
3026
3028
3034
3038
3042
3043
3047
3050
3061
3065
3083
3091
3092
3095
3098
3100
3112
3113
3116
3121
3124
3126
3127
3128
3130
3148
3149
3151
3157
3160
3161
3163
3172
3174
3175
3187
3193
3206
3208
3213
3214
3218
3228
3231
3235
3240
3244
3247
3254
3259
3270
3272
3278
3280
3288
3292
3294
3298
3306
3322
3327
3331
3332
3335
3344
3349
3352
3355
3356
3362
3374
3392
3395
3431
3434
3436
3440
3443
3449
3450
3452
3454
3459
3462
3468
3472
3474
3477
3484
3494
3500
3503
3512
3518
3521
3530
3535
3540
3553
3562
3568
3574
3580
3581
3597
3603
3609
3615
3618
3629
3635
3638
3641
3642
3646
3660
3663
3664
3671
3673
3678
3684
3691
3696
3707
3708
3725
3728
3731
3732
3734
3741
3745
3748
3751
3758
3765
3767
3774
3775
3777
3784
3791
3794
3801
3802
3807
3809
3816
3822
3823
3826
3830
3834
3838
3841
3855
3856
3858
3861
3864
3865
3866
3881
3883
3885
3893
3895
3905
3907
3909
3912
3926
3939
3943
3944
3945
3955
3970
3972
3976
3982
3983
3989
3998
4000
4003
4006
4014
4021
4023
4026
4029
4031
4037
4038
4046
4049
4054
4056
4058
4060
4064
4068
4070
4071
4072
4073
4075
4078
4085
4090
4105
4118
4122
4124
4126
4134
4135
4139
4143
4145
4146
4148
4150
4155
4158
4165
4166
4170
4175
4178
4179
4186
4194
4197
4198
4201
4202
4206
4207
4213
4217
4220
4223
4227
4229
4230
4234
4239
4247
4248
4251
4252
4253
4255
4256
4266
4276
4280
4284
4295
4296
4297
4300
4302
4303
4308
4318
4319
4322
4328
4329
4340
4343
4345
4351
4352
4355
4360
4375
4377
4378
4388
4389
4392
4407
4411
4412
4413
4416
4419
4425
4427
4432
4434
4436
4439
4442
4453
4455
4466
4467
4468
4469
4472
4478
4479
4481
4484
4488
4493
4503
4507
4511
4516
4531
4542
4558
4560
4567
4580
4583
4589
4596
4597
4599
4622
4626
4629
4636
4637
4639
4646
4647
4649
4650
4651
4654
4657
4659
4660
4672
4682
4685
4686
4689
4690
4692
4696
4699
4707
4711
4713
4714
4715
4718
4729
4732
4733
4748
4749
4751
4752
4763
4772
4773
4774
4776
4779
4783
4785
4786
4788
4790
4794
4801
4809
4812
4822
4827
4828
4832
4844
4851
4852
4853
4854
4856
4859
4865
4870
4871
4876
4877
4878
4881
4886
4887
4892
4893
4894
4895
4897
4898
4913
4917
4921
4922
4927
4928
4934
4938
4946
4947
4949
4952
4953
4960
4962
4967
4975
4982
4987
4996
4999
5004
5006
5011
5016
5017
5019
5020
5023
5024
5027
5047
5051
5060
5066
5075
5082
5087
5089
5090
5095
5113
5114
5119
5123
5137
5140
5148
5156
5165
5173
5178
5179
5181
5188
5189
5196
5199
5204
5207
5217
5220
5222
5229
5230
5241
5243
5248
5251
5254
5255
5261
5262
5269
5271
5275
5278
5284
5296
5297
5299
5305
5309
5320
5323
5341
5350
5351
5355
5358
5360
5366
5383
5393
5396
5399
5401
5410
5418
5419
5427
5430
5431
5440
5447
5453
5458
5464
5468
5480
5481
5486
5489
5492
5496
5502
5506
5507
5508
5510
5513
5517
5518
5528
5532
5533
5534
5536
5539
5542
5545
5551
5553
5565
5576
5577
5592
5602
5607
5613
5627
5628
5636
5644
5647
5648
5655
5656
5660
5661
5662
5669
5670
5678
5682
5685
5687
5698
5700
5704
5705
5707
5713
5720
5724
5726
5727
5735
5745
5746
5749
5751
5754
5757
5760
5766
5767
5775
5780
5784
5787
5788
5796
5799
5800
5817
5819
5822
5825
5830
5831
5834
5843
5846
5848
5849
5858
5863
5889
5891
5905
5909
5911
5925
5928
5930
5936
5938
5941
5943
5944
5955
5958
5966
5968
5973
5975
5977
5979
5988
5991
5992
5998
6002
6004
6008
6022
6033
6034
6036
6040
6045
6048
6050
6060
6062
6071
6072
6075
6077
6083
6091
6096
6102
6106
6107
6112
6113
6124
6132
6133
6139
6142
6143
6145
6149
6153
6165
6168
6169
6175
6191
6206
6211
6221
6223
6229
6230
6231
6232
6236
6241
6246
6247
6250
6253
6259
6260
6266
6268
6270
6273
6279
6284
6288
6291
6300
6306
6308
6320
6321
6323
6326
6328
6330
6333
6348
6362
6363
6364
6367
6372
6381
6391
6412
6419
6427
6435
6436
6439
6440
6453
6462
6470
6472
6475
6483
6491
6509
6521
6523
6524
6529
6541
6544
6551
6552
6557
6558
6564
6565
6586
6591
6595
6601
6603
6611
6616
6628
6630
6638
6643
6666
6667
6673
6677
6679
6682
6684
6689
6692
6694
6697
6702
6711
6713
6722
6725
6740
6741
6745
6746
6749
6752
6755
6764
6777
6778
6779
6790
6794
6795
6799
6800
6801
6810
6811
6816
6818
6823
6827
6828
6830
6837
6844
6851
6859
6864
6866
6872
6884
6886
6889
6906
6909
6913
6914
6919
6925
6935
6942
6943
6950
6953
6961
6969
6972
6979
6981
6993
6999
7002
7004
7008
7018
7024
7028
7034
7042
7044
7056
7059
7063
7076
7078
7079
7102
7103
7106
7110
7115
7118
7142
7143
7152
7153
7165
7167
7169
7172
7178
7181
7194
7195
7199
7200
7201
7202
7227
7240
7253
7254
7256
7258
7267
7269
7271
7275
7287
7290
7300
7311
7315
7320
7321
7322
7323
7324
7326
7329
7335
7336
7338
7342
7347
7349
7360
7366
7374
7377
7385
7386
7392
7393
7397
7403
7404
7409
7411
7412
7415
7422
7424
7426
7433
7434
7445
7451
7462
7467
7469
7481
7482
7487
7488
7502
7517
7520
7521
7522
7524
7533
7544
7548
7561
7565
7575
7576
7585
7593
7594
7596
7603
7607
7608
7615
7623
7625
7633
7639
7646
7656
7663
7682
7683
7685
7687
7692
7693
7694
7696
7701
7706
7707
7717
7723
7726
7731
7742
7744
7747
7751
7752
7756
7757
7767
7779
7780
7781
7790
7796
7797
7798
7801
7814
7821
7822
7824
7829
7832
7833
7837
7839
7841
7843
7845
7850
7855
7860
7864
7870
7871
7874
7875
7891
7892
7893
7894
7896
7898
7899
7901
7912
7914
7923
7929
7931
7939
7948
7951
7954
7958
7965
7970
7979
7983
7985
7993
7995
8008
8011
8016
8018
8025
8029
8031
8040
8050
8054
8055
8058
8060
8066
8067
8072
8076
8091
8095
8098
8118
8121
8132
8133
8135
8136
8137
8138
8150
8156
8162
8171
8174
8175
8180
8184
8198
8200
8225
8228
8231
8232
8236
8244
8250
8260
8263
8264
8268
8279
8281
8290
8292
8305
8311
8312
8319
8324
8334
8335
8338
8340
8343
8346
8350
8352
8356
8371
8374
8375
8376
8377
8380
8382
8384
8386
8392
8399
8401
8404
8405
8407
8414
8415
8419
8422
8423
8424
8427
8432
8437
8443
8451
8459
8461
8472
8474
8475
8484
8487
8491
8492
8493
8495
8498
8499
8504
8510
8517
8520
8525
8529
8533
8541
8543
8551
8555
8556
8557
8561
8565
8577
8580
8586
8588
8603
8607
8608
8609
8612
8615
8623
8626
8634
8636
8637
8642
8646
8651
8656
8676
8677
8678
8681
8684
8686
8688
8693
8701
8703
8705
8706
8707
8710
8711
8712
8726
8728
8730
8732
8735
8736
8741
8742
8746
8749
8750
8755
8756
8762
8764
8766
8773
8781
8784
8786
8789
8790
8794
8796
8799
8804
8805
8810
8816
8823
8824
8826
8843
8848
8853
8858
8860
8862
8867
8869
8874
8875
8877
8881
8883
8884
8892
8898
8904
8921
8933
8957
8958
8959
8973
8981
8982
8994
9003
9010
9026
9030
9031
9033
9038
9042
9043
9046
9048
9049
9051
9052
9057
9058
9066
9075
9076
9083
9084
9090
9091
9093
9095
9097
9098
9101
9113
9116
9118
9119
9124
9129
9138
9139
9141
9146
9147
9150
9151
9153
9156
9171
9182
9184
9202
9212
9214
9216
9220
9225
9235
9237
9241
9242
9258
9266
9271
9273
9281
9289
9290
9292
9294
9305
9309
9312
9315
9327
9329
9330
9334
9338
9345
9350
9351
9352
9356
9357
9376
9379
9383
9386
9393
9394
9398
9401
9404
9417
9426
9427
9428
9429
9433
9439
9441
9443
9445
9451
9455
9458
9459
9464
9469
9472
9500
9507
9510
9514
9515
9516
9517
9522
9524
9529
9531
9534
9538
9547
9550
9551
9555
9564
9567
9579
9583
9585
9587
9602
9608
9621
9627
9632
9634
9635
9650
9651
9654
9655
9666
9667
9669
9684
9714
9717
9719
9722
9731
9735
9737
9742
9755
9759
9769
9774
9776
9779
9782
9783
9787
9790
9792
9793
9806
9812
9817
9822
9825
9828
9840
9842
9857
9858
9862
9863
9865
9876
9890
9891
9894
9896
9897
9898
9907
9908
9909
9910
9913
9915
9919
9921
9926
9934
9941
9942
9960
9964
9965
9966
9979
9980
9991
9994
9995
9996
9997
10000
10001
10011
10012
10024
10027
10031
10036
10051
10054
10061
10066
10072
10076
10077
10078
10090
10096
10099
10104
10105
10108
10115
10118
10124
10127
10129
10132
10137
10138
10141
10149
10156
10161
10165
10168
10171
10172
10176
10187
10198
10200
10208
10215
10216
10228
10232
10233
10237
10238
10242
10247
10248
10249
10252
10255
10256
10258
10260
10262
10266
10270
10276
10277
10278
10289
10293
10296
10297
10299
10301
10302
10304
10308
10313
10324
10338
10347
10355
10356
10357
10364
10367
10373
10377
10380
10387
10389
10398
10399
10405
10406
10407
10411
10418
10419
10440
10451
10453
10463
10469
10478
10480
10503
10505
10509
10515
10522
10523
10524
10532
10541
10542
10553
10578
10580
10586
10590
10595
10597
10603
10606
10613
10623
10628
10640
10647
10652
10667
10670
10672
10674
10691
10696
10698
10699
10700
10701
10704
10709
10711
10713
10716
10721
10727
10736
10741
10747
10748
10750
10756
10772
10775
10780
10788
10796
10797
10810
10813
10815
10816
10817
10818
10823
10835
10840
10841
10844
10845
10849
10856
10861
10871
10873
10874
10875
10880
10885
10887
10890
10891
10892
10893
10896
10897
10901
10903
10905
10914
10915
10917
10920
10924
10926
10928
10929
10930
10940
10952
10957
10961
10962
10964
10966
10971
10978
10979
10980
10987
11002
11003
11016
11017
11022
11030
11031
11040
11042
11057
11061
11063
11064
11066
11072
11073
11076
11079
11081
11084
11107
11115
11116
11120
11124
11133
11137
11140
11143
11144
11149
11151
11152
11158
11174
11177
11184
11200
11205
11207
11210
11215
11220
11223
11240
11241
11247
11254
11255
11267
11287
11288
11289
11294
11302
11308
11309
11314
11317
11323
11325
11327
11332
11334
11338
11345
11351
11357
11360
11378
11379
11381
11399
11405
11409
11410
11424
11426
11434
11436
11437
11438
11444
11453
11458
11469
11472
11475
11476
11479
11480
11483
11490
11494
11496
11498
11499
11501
11502
11508
11520
11521
11532
11533
11537
11544
11547
11562
11564
11568
11571
11575
11577
11581
11583
11597
11598
11599
11602
11611
11614
11615
11622
11623
11624
11626
11631
11632
11634
11646
11647
11648
11650
11651
11657
11658
11666
11667
11669
11674
11677
11678
11684
11688
11703
11712
11718
11720
11725
11729
11735
11736
11752
11758
11759
11762
11763
11777
11793
11797
11803
11804
11807
11809
11812
11815
11829
11830
11831
11833
11843
11850
11867
11873
11895
11901
11904
11909
11915
11919
11922
11932
11935
11936
11943
11945
11948
11964
11973
11978
11979
11987
11989
11990
11993
11996
11998
12005
12008
12011
12013
12015
12017
12021
12030
12044
12050
12055
12066
12067
12080
12086
12095
12097
12098
12101
12102
12106
12109
12113
12117
12122
12124
12127
12135
12137
12140
12141
12142
12148
12151
12153
12164
12167
12173
12181
12182
12184
12189
12210
12213
12214
12226
12231
12234
12237
12241
12245
12246
12253
12264
12266
12274
12279
12281
12282
12283
12285
12289
12294
12296
12302
12310
12321
12334
12339
12340
12346
12347
12351
12356
12358
12359
12361
12367
12369
12375
12378
12382
12390
12402
12403
12404
12407
12409
12410
12411
12415
12416
12428
12432
12435
12441
12444
12447
12450
12452
12469
12477
12479
12488
12489
12505
12510
12514
12516
12518
12521
12522
12526
12528
12535
12540
12541
12546
12556
12558
12559
12563
12575
12576
12581
12590
12593
12597
12600
12610
12615
12618
12626
12631
12633
12649
12650
12662
12673
12680
12694
12697
12698
12699
12707
12720
12739
12740
12744
12746
12751
12754
12755
12765
12770
12781
12782
12786
12787
12791
12793
12798
12799
12805
12819
12822
12824
12828
12832
12836
12838
12842
12843
12846
12854
12858
12865
12868
12876
12881
12891
12897
12900
12913
12914
12921
12922
12924
12925
12927
12929
12935
12938
12940
12941
12946
12947
12948
12952
12953
12955
12958
12959
12968
12975
12979
12986
12994
12996
12997
13007
13009
13016
13018
13020
13021
13026
13028
13030
13031
13034
13035
13046
13047
13048
13060
13061
13069
13073
13076
13084
13091
13093
13103
13104
13107
13114
13115
13118
13119
13120
13121
13122
13134
13136
13137
13138
13146
13151
13154
13166
13169
13171
13172
13177
13179
13185
13190
13193
13198
13201
13212
13213
13223
13226
13232
13233
13234
13238
13240
13242
13254
13257
13259
13267
13275
13279
13281
13293
13299
13305
13306
13313
13317
13324
13326
13329
13332
13334
13336
13337
13355
13357
13361
13363
13369
13373
13374
13376
13378
13400
13402
13403
13405
13407
13410
13413
13418
13423
13426
13428
13429
13430
13431
13438
13440
13444
13451
13459
13470
13475
13476
13486
13487
13488
13490
13498
13510
13518
13526
13527
13530
13539
13548
13550
13559
13561
13564
13569
13571
13573
13575
13584
13586
13589
13591
13593
13596
13600
13601
13602
13618
13630
13634
13640
13665
13667
13669
13673
13674
13676
13695
13698
13699
13703
13706
13714
13716
13717
13728
13735
13742
13745
13746
13748
13752
13770
13774
13797
13798
13800
13801
13812
13813
13824
13826
13832
13840
13843
13854
13863
13868
13874
13880
13891
13892
13896
13901
13909
13913
13920
13924
13926
13933
13934
13935
13940
13943
13949
13950
13957
13960
13961
13969
13975
13976
13977
13984
13985
13986
13987
13988
13989
14005
14011
14012
14015
14017
14019
14022
14024
14032
14036
14039
14050
14053
14063
14064
14067
14069
14074
14076
14080
14086
14088
14097
14106
14111
14119
14120
14133
14135
14139
14145
14155
14157
14158
14160
14164
14172
14175
14179
14185
14189
14191
14192
14197
14199
14203
14204
14205
14206
14214
14223
14225
14229
14233
14236
14246
14247
14251
14252
14254
14259
14275
14277
14282
14285
14289
14292
14303
14305
14306
14309
14310
14312
14315
14318
14319
14323
14325
14331
14332
14334
14337
14339
14353
14364
14366
14371
14372
14373
14376
14379
14380
14392
14394
14397
14398
14400
14406
14409
14411
14422
14439
14450
14451
14452
14454
14456
14461
14483
14484
14491
14492
14494
14498
14507
14510
14512
14519
14524
14526
14528
14533
14534
14538
14540
14542
14552
14553
14558
14560
14561
14566
14567
14574
14577
14583
14584
14585
14591
14592
14596
14603
14605
14610
14630
14631
14632
14641
14642
14643
14645
14653
14662
14668
14669
14672
14673
14674
14680
14683
14688
14689
14693
14706
14709
14712
14713
14717
14721
14723
14732
14745
14747
14754
14756
14757
14763
14765
14768
14775
14776
14782
14794
14795
14796
14798
14805
14810
14826
14838
14844
14846
14849
14851
14861
14866
14873
14886
14893
14897
14900
14901
14902
14909
14911
14917
14919
14920
14925
14927
14939
14944
14948
14949
14951
14952
14958
14960
14964
14965
14969
14971
14974
14978
14990
14995
14996
14999
15001
15004
15010
15011
15014
15015
15019
15026
15033
15040
15048
15051
15060
15061
15068
15070
15072
15092
15097
15107
15109
15122
15132
15133
15137
15147
15153
15154
15155
15158
15160
15161
15169
15171
15174
15181
15182
15184
15186
15191
15195
15196
15201
15204
15206
15208
15210
15216
15221
15224
15229
15239
15249
15259
15272
15284
15288
15296
15301
15306
15310
15329
15331
15337
15342
15345
15346
15347
15351
15357
15366
15369
15380
15383
15391
15400
15404
15412
15432
15435
15437
15439
15448
15451
15453
15456
15457
15462
15467
15472
15476
15482
15496
15498
15500
15507
15509
15521
15525
15531
15532
15535
15537
15538
15546
15551
15577
15580
15587
15597
15606
15609
15621
15622
15636
15648
15653
15655
15660
15665
15666
15673
15681
15684
15685
15691
15695
15697
15698
15712
15713
15716
15721
15726
15730
15733
15735
15738
15744
15747
15750
15757
15758
15759
15763
15764
15768
15774
15776
15779
15782
15789
15790
15797
15802
15805
15808
15812
15821
15827
15829
15834
15835
15838
15840
15846
15849
15851
15854
15857
15874
15878
15879
15880
15884
15889
15890
15893
15894
15898
15903
15904
15905
15909
15913
15914
15924
15937
15942
15943
15945
15946
15949
15952
15958
15961
15963
15964
15966
15970
15985
15988
15998
16000
16005
16008
16014
16021
16028
16031
16038
16046
16049
16058
16060
16085
16087
16088
16089
16091
16092
16093
16096
16099
16100
16101
16102
16106
16108
16111
16116
16117
16121
16123
16125
16141
16144
16155
16163
16164
16165
16166
16167
16170
16176
16186
16190
16193
16202
16206
16212
16219
16228
16231
16233
16234
16239
16241
16245
16247
16248
16249
16268
16269
16279
16285
16292
16294
16301
16302
16306
16307
16333
16336
16343
16348
16355
16363
16364
16365
16368
16381
16383
16387
16388
16395
16399
16402
16407
16411
16414
16418
16425
16426
16435
16436
16437
16438
16443
16449
16453
16456
16460
16465
16466
16467
16468
16479
16481
16484
16486
16490
16495
16501
16503
16514
16517
16519
16520
16536
16538
16541
16544
16547
16549
16551
16552
16562
16577
16585
16595
16596
16600
16611
16612
16613
16616
16617
16624
16628
16649
16658
16661
16668
16669
16676
16685
16695
16699
16701
16708
16710
16717
16718
16730
16741
16747
16749
16750
16753
16757
16758
16772
16774
16777
16778
16779
16781
16783
16784
16786
16787
16789
16793
16796
16803
16805
16807
16815
16816
16829
16838
16841
16854
16858
16864
16874
16875
16880
16881
16883
16885
16893
16900
16907
16910
16911
16912
16920
16938
16939
16942
16946
16947
16948
16951
16954
16956
16970
16976
16987
16996
17007
17013
17023
17026
17029
17033
17044
17046
17048
17051
17052
17056
17062
17069
17070
17074
17079
17082
17084
17086
17094
17100
17103
17104
17110
17112
17124
17126
17128
17144
17145
17149
17165
17166
17169
17182
17187
17189
17194
17200
17209
17210
17215
17218
17219
17223
17227
17233
17235
17236
17238
17239
17240
17241
17243
17244
17255
17263
17267
17283
17322
17338
17360
17361
17364
17368
17381
17390
17400
17402
17405
17409
17410
17411
17415
17426
17431
17434
17437
17445
17472
17474
17478
17485
17492
17495
17496
17498
17517
17519
17535
17536
17541
17544
17552
17555
17561
17564
17566
17575
17576
17583
17594
17596
17604
17620
17622
17624
17640
17644
17662
17665
17669
17671
17672
17677
17683
17686
17687
17690
17694
17704
17707
17708
17713
17715
17716
17720
17723
17728
17729
17731
17735
17737
17748
17749
17754
17772
17782
17785
17788
17791
17795
17800
17801
17803
17809
17815
17818
17821
17829
17833
17834
17836
17844
17848
17860
17887
17894
17895
17899
17903
17905
17916
17929
17931
17932
17935
17943
17944
17945
17946
17950
17952
17954
17964
17970
17979
17984
17985
17987
17993
18005
18020
18024
18028
18031
18047
18058
18059
18062
18063
18068
18073
18081
18082
18085
18096
18097
18100
18102
18104
18108
18110
18116
18123
18130
18136
18143
18144
18148
18149
18150
18161
18172
18177
18178
18182
18189
18190
18194
18195
18196
18199
18205
18206
18213
18216
18219
18224
18230
18232
18246
18248
18250
18257
18258
18259
18262
18264
18273
18275
18279
18280
18281
18283
18286
18287
18289
18296
18298
18300
18319
18322
18333
18334
18342
18343
18350
18353
18359
18368
18376
18383
18387
18397
18404
18405
18406
18409
18412
18415
18416
18417
18418
18420
18421
18430
18434
18438
18440
18451
18461
18462
18473
18476
18482
18491
18502
18503
18508
18510
18524
18527
18530
18537
18545
18563
18565
18569
18570
18571
18578
18587
18591
18614
18624
18627
18636
18640
18643
18644
18651
18655
18667
18668
18692
18693
18697
18703
18704
18711
18719
18721
18722
18727
18732
18742
18743
18747
18754
18756
18759
18760
18766
18771
18773
18775
18777
18783
18784
18790
18797
18802
18805
18820
18822
18824
18833
18843
18861
18871
18875
18876
18880
18884
18894
18897
18899
18902
18909
18910
18912
18916
18920
18927
18932
18937
18946
18956
18964
18968
18969
18973
18975
18981
18982
18987
19002
19004
19023
19029
19030
19047
19054
19059
19061
19071
19074
19081
19088
19092
19097
19102
19116
19137
19138
19141
19148
19152
19154
19156
19162
19163
19165
19168
19170
19175
19178
19187
19192
19197
19200
19203
19210
19225
19228
19231
19232
19233
19235
19236
19237
19245
19247
19250
19252
19256
19257
19258
19260
19266
19273
19278
19279
19284
19285
19289
19301
19302
19323
19332
19335
19338
19341
19343
19347
19353
19355
19369
19380
19388
19390
19391
19396
19402
19406
19411
19418
19429
19436
19437
19439
19449
19450
19454
19464
19469
19471
19476
19477
19481
19487
19489
19491
19492
19496
19499
19500
19506
19510
19511
19519
19523
19536
19548
19553
19555
19559
19563
19566
19573
19577
19588
19593
19596
19598
19599
19600
19603
19605
19607
19608
19613
19616
19617
19631
19635
19638
19642
19647
19662
19679
19682
19692
19696
19707
19723
19725
19730
19739
19740
19745
19747
19749
19752
19754
19772
19781
19783
19789
19796
19808
19813
19817
19818
19822
19829
19830
19834
19841
19848
19849
19850
19854
19858
19859
19863
19864
19873
19877
19878
19881
19891
19896
19898
19911
19912
19914
19916
19925
19931
19937
19950
19968
19972
19975
19977
19980
19985
19988
19997
20000
20004
20007
20009
20013
20016
20023
20030
20036
20039
20041
20047
20048
20050
20056
20057
20064
20074
20077
20087
20089
20093
20096
20111
20123
20128
20130
20140
20146
20157
20160
20167
20168
20173
20181
20186
20196
20210
20211
20216
20220
20227
20231
20235
20241
20244
20248
20251
20259
20260
20263
20270
20274
20276
20284
20293
20295
20297
20300
20301
20303
20305
20317
20323
20328
20329
20336
20337
20340
20343
20345
20349
20351
20356
20360
20366
20373
20376
20378
20389
20394
20397
20409
20413
20421
20423
20431
20432
20440
20443
20449
20450
20453
20460
20461
20467
20488
20490
20497
20501
20509
20513
20521
20523
20526
20535
20540
20541
20542
20545
20553
20558
20559
20560
20565
20566
20569
20570
20585
20592
20618
20624
20630
20631
20634
20635
20638
20640
20646
20662
20668
20673
20675
20683
20704
20705
20706
20708
20712
20716
20723
20727
20730
20735
20747
20754
20770
20775
20777
20779
20784
20789
20790
20796
20797
20807
20817
20828
20832
20834
20835
20836
20837
20838
20844
20847
20857
20858
20863
20864
20877
20892
20906
20910
20916
20926
20927
20932
20939
20950
20961
20962
20964
20966
20977
20982
20991
20993
20995
20997
21000
21018
21020
21024
21029
21039
21043
21052
21055
21057
21060
21066
21067
21068
21071
21075
21078
21082
21095
21097
21102
21103
21107
21112
21115
21127
21132
21142
21144
21146
21149
21158
21169
21172
21177
21201
21202
21205
21210
21212
21213
21214
21215
21216
21219
21222
21226
21231
21234
21237
21242
21246
21248
21249
21252
21257
21259
21261
21263
21266
21270
21274
21282
21289
21301
21302
21310
21328
21331
21335
21336
21337
21342
21345
21346
21352
21363
21365
21371
21381
21383
21384
21388
21391
21396
21405
21413
21417
21418
21419
21433
21434
21438
21451
21460
21465
21471
21475
21481
21484
21485
21486
21490
21496
21511
21513
21523
21530
21534
21538
21544
21546
21550
21554
21560
21574
21580
21583
21589
21590
21594
21601
21602
21618
21629
21631
21639
21646
21647
21649
21654
21663
21671
21678
21683
21686
21687
21688
21690
21692
21696
21699
21702
21704
21709
21710
21716
21718
21722
21726
21738
21742
21746
21761
21763
21779
21781
21786
21794
21802
21805
21807
21810
21820
21823
21824
21825
21829
21834
21840
21849
21859
21860
21861
21866
21869
21870
21872
21874
21878
21879
21885
21887
21898
21900
21909
21914
21921
21922
21925
21929
21944
21946
21951
21957
21958
21962
21970
21975
21977
21984
21989
21991
22001
22004
22013
22018
22020
22023
22032
22035
22056
22060
22066
22068
22069
22071
22072
22074
22082
22084
22085
22100
22105
22116
22117
22118
22122
22123
22129
22131
22132
22133
22153
22166
22170
22175
22180
22182
22183
22186
22191
22202
22206
22209
22219
22222
22223
22225
22233
22256
22261
22266
22276
22281
22284
22296
22297
22302
22306
22311
22317
22321
22328
22330
22334
22339
22342
22349
22356
22370
22373
22376
22383
22411
22412
22422
22427
22428
22432
22434
22439
22440
22441
22446
22451
22459
22460
22466
22478
22482
22497
22503
22504
22507
22520
22538
22540
22542
22544
22546
22556
22563
22565
22570
22572
22573
22574
22577
22585
22588
22589
22590
22596
22598
22601
22606
22607
22617
22619
22621
22625
22634
22639
22641
22644
22649
22650
22655
22668
22670
22683
22685
22690
22713
22718
22722
22725
22730
22739
22743
22749
22756
22774
22777
22785
22786
22788
22789
22793
22796
22806
22808
22809
22810
22815
22817
22819
22825
22831
22837
22841
22842
22845
22851
22852
22854
22871
22877
22899
22901
22905
22908
22909
22912
22913
22914
22920
22922
22931
22933
22945
22953
22967
22979
23001
23019
23022
23036
23038
23040
23047
23049
23052
23056
23064
23067
23073
23075
23091
23094
23101
23104
23106
23120
23123
23130
23136
23138
23143
23147
23152
23157
23158
23159
23160
23165
23170
23174
23178
23184
23189
23191
23194
23196
23202
23203
23206
23207
23211
23213
23222
23228
23237
23239
23258
23259
23261
23262
23268
23269
23276
23284
23293
23296
23300
23302
23305
23310
23320
23325
23328
23331
23332
23335
23341
23343
23347
23360
23363
23365
23371
23374
23380
23392
23394
23400
23403
23404
23409
23411
23413
23416
23420
23422
23431
23445
23448
23452
23460
23466
23468
23470
23473
23481
23483
23489
23490
23491
23497
23507
23511
23523
23524
23531
23535
23541
23545
23547
23552
23585
23590
23594
23597
23606
23620
23621
23622
23628
23632
23635
23638
23649
23663
23665
23667
23668
23673
23679
23687
23702
23710
23714
23720
23723
23725
23732
23737
23744
23746
23751
23752
23756
23767
23772
23773
23775
23786
23789
23794
23798
23800
23801
23809
23812
23817
23824
23832
23838
23839
23840
23846
23847
23849
23853
23856
23864
23869
23870
23872
23876
23877
23879
23884
23887
23910
23912
23915
23917
23921
23923
23927
23928
23941
23944
23945
23946
23953
23969
23971
23972
23973
23977
23980
23989
24009
24010
24013
24014
24018
24024
24028
24031
24040
24043
24044
24048
24051
24057
24061
24063
24064
24068
24072
24075
24078
24083
24088
24092
24102
24108
24114
24115
24116
24117
24119
24121
24129
24138
24141
24147
24152
24155
24159
24161
24165
24167
24183
24186
24189
24190
24194
24207
24218
24221
24238
24253
24264
24270
24277
24281
24308
24309
24314
24317
24322
24325
24326
24327
24328
24330
24338
24350
24351
24354
24362
24366
24376
24381
24382
24383
24387
24388
24392
24395
24415
24416
24424
24434
24435
24439
24446
24449
24460
24468
24471
24473
24476
24481
24485
24487
24497
24506
24507
24524
24526
24527
24539
24541
24543
24550
24556
24558
24575
24580
24582
24583
24586
24589
24590
24592
24605
24606
24613
24615
24621
24625
24628
24633
24635
24644
24645
24651
24656
24659
24674
24675
24677
24681
24684
24688
24693
24696
24697
24707
24717
24718
24721
24732
24745
24747
24749
24759
24761
24770
24771
24785
24792
24795
24799
24804
24806
24807
24813
24814
24820
24826
24836
24843
24847
24850
24851
24859
24860
24865
24867
24873
24878
24883
24886
24899
24904
24907
24916
24928
24931
24937
24943
24944
24961
24968
24977
24978
24982
24986
24987
24993
25011
25021
25023
25030
25032
25040
25043
25054
25064
25068
25073
25075
25085
25100
25102
25108
25120
25129
25132
25133
25138
25145
25148
25163
25164
25174
25178
25179
25185
25201
25216
25226
25230
25232
25250
25252
25263
25264
25266
25270
25272
25280
25287
25288
25290
25296
25298
25309
25310
25313
25324
25326
25329
25330
25333
25334
25353
25354
25359
25362
25372
25376
25392
25394
25409
25410
25419
25422
25424
25425
25431
25435
25437
25441
25449
25458
25466
25468
25471
25485
25492
25497
25500
25504
25508
25509
25516
25517
25525
25531
25549
25553
25557
25566
25569
25576
25582
25583
25586
25596
25598
25600
25607
25621
25626
25631
25650
25653
25660
25663
25668
25673
25679
25683
25686
25689
25694
25697
25704
25710
25711
25714
25732
25736
25740
25747
25749
25752
25753
25757
25763
25766
25770
25773
25781
25784
25785
25790
25791
25804
25808
25811
25833
25840
25845
25853
25855
25858
25862
25871
25872
25873
25875
25882
25886
25888
25889
25894
25898
25906
25911
25915
25917
25921
25922
25924
25929
25934
25935
25937
25961
25964
25991
25994
25997
25998
26000
26001
26003
26005
26006
26023
26031
26039
26041
26052
26066
26070
26095
26102
26106
26108
26109
26114
26117
26127
26129
26132
26139
26145
26156
26161
26163
26168
26172
26187
26189
26190
26198
26200
26203
26204
26207
26210
26213
26215
26226
26233
26234
26235
26239
26242
26246
26247
26251
26270
26299
26311
26318
26330
26334
26336
26339
26340
26345
26350
26356
26361
26368
26371
26376
26381
26392
26393
26398
26404
26408
26410
26413
26415
26418
26421
26424
26426
26438
26446
26451
26454
26456
26457
26461
26466
26468
26470
26472
26477
26480
26481
26484
26495
26503
26506
26513
26516
26517
26526
26534
26540
26557
26574
26577
26584
26585
26586
26589
26590
26600
26605
26608
26610
26612
26619
26620
26622
26624
26625
26627
26639
26641
26657
26658
26661
26665
26672
26673
26682
26683
26690
26700
26701
26706
26712
26716
26717
26723
26730
26748
26753
26757
26771
26774
26776
26779
26781
26784
26785
26790
26792
26796
26815
26818
26822
26824
26829
26832
26838
26846
26850
26857
26859
26861
26863
26865
26875
26876
26881
26887
26893
26902
26903
26911
26914
26915
26931
26934
26935
26936
26938
26940
26942
26944
26948
26957
26958
26967
26968
26979
26989
27001
27002
27004
27007
27010
27014
27020
27021
27022
27023
27033
27034
27037
27038
27041
27043
27058
27059
27066
27070
27072
27077
27081
27083
27095
27099
27104
27106
27109
27112
27119
27121
27122
27134
27144
27149
27155
27159
27160
27167
27173
27179
27201
27202
27217
27238
27241
27249
27263
27267
27275
27279
27281
27283
27288
27295
27299
27301
27307
27312
27313
27319
27323
27324
27331
27335
27336
27344
27348
27357
27358
27364
27368
27370
27373
27374
27376
27381
27386
27402
27411
27415
27417
27420
27425
27428
27434
27450
27451
27452
27456
27461
27462
27470
27485
27489
27490
27491
27492
27498
27499
27501
27504
27505
27508
27511
27518
27520
27533
27535
27543
27545
27555
27557
27561
27562
27567
27572
27577
27579
27583
27592
27594
27598
27602
27604
27605
27609
27613
27616
27617
27619
27629
27630
27642
27648
27655
27661
27667
27675
27679
27680
27681
27694
27699
27700
27701
27722
27726
27731
27732
27733
27735
27737
27739
27744
27747
27748
27750
27760
27763
27766
27779
27782
27784
27786
27799
27803
27807
27812
27817
27820
27822
27845
27846
27852
27857
27860
27870
27871
27873
27874
27875
27885
27890
27892
27907
27925
27927
27933
27938
27944
27946
27956
27958
27959
27967
27970
27971
27972
27976
27982
27983
27988
27990
28000
28005
28008
28010
28011
28019
28020
28022
28025
28028
28037
28039
28042
28043
28049
28050
28063
28065
28071
28072
28075
28080
28081
28083
28087
28101
28112
28118
28136
28137
28148
28150
28153
28157
28165
28180
28181
28188
28192
28204
28208
28214
28218
28220
28223
28227
28237
28240
28248
28259
11
0
14
119
170
193
203
225
383
390
457
478
