1130
10
26
28
33
35
36
45
50
52
77
82
97
99
107
129
142
146
159
171
189
193
201
224
295
303
314
318
327
331
335
356
359
366
383
393
403
426
500
518
527
565
581
585
616
648
651
653
659
679
702
706
710
719
750
752
756
759
762
764
784
805
819
821
823
825
827
829
836
850
851
854
858
859
884
895
899
921
938
945
949
964
992
994
997
1009
1035
1055
1078
1108
1111
1116
1125
1132
1166
1186
1189
1191
1192
1202
1210
1218
1225
1226
1316
1319
1320
1326
1336
1364
1367
1378
1381
1387
1395
1429
1457
1476
1485
1493
1505
1524
1553
1558
1559
1579
1608
1621
1628
1659
1710
1721
1757
1790
1794
1797
1807
1826
1828
1846
1858
1872
1877
1888
1889
1892
1902
1919
1923
1925
1952
1967
1996
2032
2041
2062
2090
2108
2110
2112
2119
2125
2137
2173
2180
2183
2190
2195
2196
2207
2213
2215
2222
2234
2237
2238
2241
2255
2325
2349
2374
2384
2385
2395
2406
2425
2426
2445
2468
2478
2495
2528
2537
2582
2591
2600
2609
2632
2634
2657
2664
2667
2670
2673
2678
2696
2708
2718
2723
2733
2734
2743
2769
2782
2793
2813
2816
2824
2835
2861
2904
2905
2909
2913
2927
2940
2948
2953
2973
2994
3003
3016
3044
3063
3080
3097
3110
3125
3129
3148
3149
3154
3156
3190
3198
3203
3220
3244
3257
3267
3286
3298
3299
3326
3328
3340
3341
3364
3370
3380
3384
3394
3399
3403
3420
3437
3455
3456
3492
3502
3511
3512
3548
3553
3558
3602
3680
3686
3701
3738
3740
3753
3767
3769
3793
3814
3820
3851
3887
3898
3903
3905
3909
3914
3924
3943
3957
3968
3971
3981
3989
4014
4024
4035
4042
4073
4095
4114
4115
4120
4142
4147
4177
4198
4207
4213
4221
4231
4256
4282
4292
4304
4310
4312
4325
4367
4374
4375
4392
4403
4410
4420
4437
4460
4472
4490
4524
4532
4535
4546
4552
4565
4613
4622
4654
4674
4676
4679
4691
4699
4713
4733
4736
4749
4752
4756
4771
4779
4790
4803
4810
4815
4829
4879
4880
4887
4942
4950
4954
5007
5009
5027
5048
5061
5067
5069
5097
5100
5109
5111
5112
5118
5129
5142
5175
5186
5200
5216
5222
5229
5262
5280
5306
5307
5322
5324
5359
5389
5400
5435
5436
5446
5449
5452
5512
5516
5538
5544
5551
5555
5556
5599
5620
5631
5647
5671
5703
5724
5740
5758
5809
5832
5857
5858
5859
5874
5891
5908
5951
5958
5970
5980
5982
5994
5998
6001
6025
6027
6029
6039
6077
6084
6099
6108
6125
6127
6143
6175
6195
6222
6242
6254
6260
6264
6268
6272
6303
6304
6346
6351
6373
6383
6389
6392
6393
6396
6397
6403
6447
6463
6466
6492
6493
6496
6498
6514
6527
6540
6541
6547
6552
6561
6581
6630
6661
6665
6683
6693
6695
6753
6778
6789
6806
6810
6814
6815
6820
6834
6861
6872
6913
6930
6932
6934
6939
6940
6994
7000
7003
7039
7042
7059
7079
7086
7088
7099
7115
7124
7131
7138
7142
7149
7152
7153
7205
7208
7215
7236
7244
7249
7270
7284
7289
7307
7328
7357
7377
7389
7398
7407
7417
7422
7436
7438
7444
7451
7456
7457
7497
7499
7525
7538
7539
7557
7566
7571
7609
7627
7683
7700
7705
7731
7736
7738
7741
7748
7751
7769
7781
7819
7820
7830
7842
7848
7865
7874
7876
7877
7887
7895
7896
7899
7904
7906
7923
7945
7946
7956
7976
8012
8021
8035
8095
8108
8112
8120
8124
8133
8138
8141
8181
8196
8200
8229
8232
8250
8264
8265
8271
8278
8285
8295
8308
8309
8316
8346
8349
8366
8371
8400
8410
8422
8443
8453
8475
8502
8546
8548
8571
8572
8581
8614
8618
8623
8634
8648
8653
8686
8687
8712
8718
8728
8745
8751
8755
8761
8777
8796
8806
8811
8848
8858
8870
8878
8881
8888
8897
8901
8902
8911
8912
8913
8947
8951
8954
8961
8962
9015
9016
9017
9022
9026
9050
9062
9075
9116
9119
9120
9132
9142
9148
9156
9173
9178
9194
9229
9242
9247
9250
9253
9259
9264
9265
9269
9279
9287
9290
9298
9322
9327
9331
9358
9369
9374
9377
9411
9414
9416
9426
9430
9452
9473
9479
9524
9536
9562
9563
9568
9575
9612
9618
9622
9640
9642
9646
9660
9671
9687
9691
9693
9699
9717
9718
9720
9723
9724
9736
9786
9806
9827
9865
9875
9894
9896
9926
9928
9969
9974
9987
9995
9999
10018
10021
10049
10074
10096
10098
10128
10141
10146
10187
10191
10194
10223
10242
10246
10247
10257
10263
10267
10275
10282
10296
10315
10329
10359
10370
10402
10404
10412
10417
10433
10438
10465
10475
10479
10483
10489
10499
10511
10515
10524
10533
10547
10560
10563
10581
10609
10627
10628
10639
10654
10672
10690
10691
10692
10734
10740
10751
10772
10777
10782
10783
10815
10818
10824
10826
10840
10846
10860
10871
10907
10918
10952
10963
10970
10973
10985
10996
11007
11019
11031
11043
11044
11062
11065
11134
11147
11148
11150
11153
11154
11165
11191
11197
11198
11221
11243
11257
11279
11280
11315
11317
11322
11324
11326
11359
11428
11460
11470
11480
11507
11516
11517
11518
11524
11541
11545
11549
11550
11560
11576
11601
11603
11616
11641
11658
11662
11688
11696
11697
11699
11718
11734
11754
11755
11784
11791
11810
11822
11828
11842
11845
11847
11883
11887
11888
11892
11900
11961
11970
11971
11976
11989
11993
12015
12016
12024
12028
12038
12047
12057
12077
12120
12145
12158
12162
12182
12205
12221
12241
12320
12326
12334
12366
12373
12377
12400
12403
12407
12416
12419
12428
12434
12456
12469
12484
12494
12496
12498
12502
12504
12528
12534
12550
12552
12567
12579
12580
12589
12592
12614
12619
12633
12645
12663
12680
12699
12709
12722
12737
12770
12776
12799
12802
12822
12839
12861
12876
12884
12904
12906
12910
12926
12940
12942
12960
12962
12974
12982
12985
12991
13014
13034
13047
13091
13118
13136
13161
13171
13184
13197
13201
13285
13290
13311
13323
13342
13346
13348
13353
13365
13383
13410
13415
13416
13442
13443
13448
13456
13486
13489
13491
13523
13542
13543
13549
13563
13590
13613
13626
13627
13631
13636
13642
13644
13646
13647
13658
13659
13667
13677
13686
13703
13704
13713
13752
13787
13802
13818
13829
13831
13834
13848
13854
13858
13861
13897
13899
13910
13920
13928
13949
13984
13988
14062
14064
14090
14112
14147
14154
14157
14159
14167
14174
14187
14195
14220
14222
14241
14258
14261
14291
14298
14299
14307
14314
14324
14334
14338
14339
14347
14360
14366
14381
14398
14405
14406
14433
14444
14456
14495
14500
14510
14516
14537
14541
14560
14563
14566
14570
14585
14589
14597
14602
14610
14618
14639
14642
14686
14697
14716
14720
14731
14733
14739
14767
14778
14782
14847
14848
14865
14873
14889
14893
14898
14915
14926
14933
14946
14948
3
14
221
251
