1931
5
8
10
16
22
26
33
41
44
49
53
57
58
60
66
71
101
106
114
119
120
130
138
139
141
147
168
169
171
176
177
180
188
189
192
202
207
212
223
228
232
233
247
260
270
271
278
289
293
294
310
314
315
316
351
354
355
357
359
360
370
372
385
400
401
404
409
414
425
437
441
447
454
457
467
469
473
482
483
489
502
504
505
512
516
519
520
524
528
530
563
569
570
577
587
589
591
595
600
602
610
624
625
629
633
639
644
656
658
663
664
669
671
672
673
674
675
681
682
704
709
713
714
729
735
739
741
745
747
761
768
769
771
773
784
808
809
818
821
828
830
831
849
850
854
855
857
866
868
872
893
895
897
919
923
930
933
935
956
974
975
991
992
995
997
1000
1002
1003
1015
1016
1020
1025
1035
1037
1055
1060
1066
1067
1080
1083
1089
1091
1095
1102
1112
1116
1143
1157
1166
1167
1170
1180
1188
1193
1199
1201
1204
1212
1217
1222
1236
1239
1259
1268
1279
1291
1292
1304
1305
1309
1323
1341
1350
1351
1361
1366
1375
1380
1382
1391
1399
1416
1426
1444
1449
1455
1459
1474
1477
1479
1500
1503
1516
1527
1536
1546
1549
1552
1584
1586
1591
1602
1603
1608
1635
1638
1639
1640
1645
1655
1664
1672
1690
1699
1701
1709
1714
1724
1735
1746
1747
1748
1754
1756
1760
1780
1790
1796
1831
1834
1837
1847
1851
1855
1859
1868
1875
1879
1904
1907
1916
1922
1923
1937
1947
1987
2004
2010
2024
2028
2034
2039
2044
2053
2060
2083
2086
2095
2110
2128
2132
2142
2147
2151
2156
2159
2160
2162
2189
2199
2204
2209
2210
2224
2235
2237
2242
2245
2248
2251
2253
2255
2259
2261
2265
2271
2276
2287
2289
2292
2293
2305
2310
2321
2331
2344
2347
2349
2352
2355
2356
2359
2360
2363
2371
2378
2382
2387
2397
2403
2409
2417
2418
2429
2434
2438
2454
2464
2479
2487
2492
2494
2530
2537
2539
2544
2549
2555
2576
2579
2591
2600
2601
2602
2604
2630
2631
2634
2653
2658
2665
2671
2677
2683
2685
2702
2707
2719
2728
2730
2736
2746
2753
2760
2762
2763
2765
2766
2776
2785
2796
2800
2804
2806
2810
2816
2820
2846
2857
2861
2864
2870
2879
2881
2884
2894
2904
2908
2909
2927
2928
2929
2938
2940
2945
2948
2958
2963
2968
2970
2972
2973
2985
2989
2996
3000
3006
3007
3016
3019
3020
3023
3025
3026
3038
3047
3049
3058
3073
3077
3086
3089
3091
3100
3110
3116
3129
3133
3140
3149
3155
3158
3160
3171
3172
3179
3181
3183
3189
3203
3213
3215
3225
3229
3230
3231
3242
3247
3248
3251
3252
3253
3266
3267
3294
3297
3298
3303
3313
3315
3317
3332
3336
3340
3345
3346
3362
3363
3378
3385
3387
3389
3410
3419
3428
3431
3432
3436
3439
3440
3444
3448
3450
3456
3460
3496
3504
3507
3519
3521
3526
3540
3547
3551
3553
3554
3555
3561
3566
3572
3581
3584
3585
3592
3594
3601
3605
3607
3613
3637
3638
3646
3654
3656
3667
3693
3695
3698
3705
3712
3717
3725
3730
3734
3736
3746
3747
3752
3755
3757
3761
3762
3770
3771
3781
3782
3793
3794
3800
3803
3816
3821
3836
3838
3841
3843
3844
3851
3852
3854
3855
3859
3869
3874
3882
3883
3890
3891
3893
3897
3908
3913
3918
3919
3923
3932
3947
3949
3950
3952
3960
3965
3968
3974
3985
3991
3992
4010
4011
4022
4029
4031
4038
4040
4043
4059
4060
4062
4074
4081
4087
4090
4094
4099
4104
4108
4113
4121
4123
4149
4152
4156
4157
4179
4183
4185
4198
4206
4213
4214
4229
4231
4232
4248
4251
4252
4253
4260
4269
4273
4275
4279
4288
4290
4292
4295
4305
4310
4318
4328
4334
4335
4341
4347
4352
4353
4360
4369
4379
4397
4398
4406
4408
4412
4415
4417
4419
4421
4427
4432
4433
4440
4444
4459
4462
4464
4465
4467
4474
4481
4483
4485
4491
4501
4507
4508
4510
4514
4516
4525
4531
4543
4545
4553
4556
4558
4563
4576
4584
4585
4586
4587
4599
4600
4612
4617
4628
4632
4636
4641
4650
4651
4670
4681
4686
4693
4696
4703
4712
4714
4720
4721
4724
4727
4732
4733
4741
4746
4771
4772
4773
4782
4783
4786
4789
4798
4802
4819
4821
4827
4832
4841
4846
4848
4849
4851
4853
4857
4872
4875
4876
4877
4885
4886
4888
4890
4892
4905
4906
4920
4927
4928
4929
4934
4936
4946
4951
4963
4967
4969
4978
4990
5005
5007
5011
5012
5020
5024
5031
5035
5042
5050
5051
5054
5055
5061
5074
5076
5078
5098
5099
5105
5112
5119
5122
5130
5133
5152
5154
5165
5170
5174
5178
5179
5182
5183
5195
5200
5202
5216
5219
5220
5240
5242
5243
5248
5255
5263
5267
5269
5270
5278
5284
5298
5300
5305
5307
5309
5320
5323
5327
5337
5340
5344
5350
5351
5354
5355
5361
5362
5369
5376
5386
5388
5396
5402
5406
5408
5414
5417
5418
5420
5425
5428
5433
5434
5443
5447
5452
5457
5478
5486
5487
5503
5504
5509
5510
5513
5525
5530
5537
5538
5552
5553
5557
5562
5564
5565
5571
5573
5575
5582
5592
5606
5609
5620
5624
5629
5638
5639
5643
5648
5674
5677
5684
5689
5690
5695
5699
5703
5705
5707
5708
5717
5720
5733
5741
5763
5764
5768
5769
5777
5790
5816
5823
5826
5833
5834
5842
5844
5847
5856
5859
5860
5869
5871
5877
5878
5884
5886
5890
5896
5906
5907
5916
5919
5922
5929
5936
5950
5954
5958
5969
5970
5973
5974
5975
5982
5989
5991
6011
6018
6021
6024
6025
6033
6039
6047
6050
6055
6061
6071
6078
6079
6087
6089
6111
6112
6123
6129
6130
6144
6150
6152
6176
6180
6182
6185
6189
6190
6196
6197
6199
6201
6203
6224
6225
6226
6227
6257
6261
6266
6272
6275
6284
6293
6307
6310
6319
6328
6331
6336
6338
6339
6346
6359
6363
6366
6376
6379
6384
6387
6391
6394
6395
6402
6403
6408
6411
6417
6418
6423
6437
6440
6459
6461
6466
6470
6471
6473
6476
6479
6485
6487
6488
6495
6498
6499
6501
6506
6508
6539
6547
6550
6553
6557
6558
6561
6567
6577
6602
6608
6609
6610
6620
6624
6625
6640
6641
6655
6662
6666
6669
6690
6696
6702
6716
6718
6733
6734
6746
6756
6764
6766
6773
6776
6779
6780
6795
6811
6825
6829
6832
6834
6838
6844
6858
6866
6875
6886
6896
6906
6924
6925
6930
6934
6939
6954
6971
6972
6982
6987
6990
6995
7001
7008
7009
7015
7016
7020
7035
7040
7048
7071
7074
7079
7082
7087
7088
7097
7099
7101
7109
7116
7118
7124
7126
7142
7155
7157
7170
7173
7176
7184
7190
7191
7193
7196
7198
7214
7223
7224
7227
7230
7231
7255
7262
7268
7280
7284
7285
7287
7291
7311
7318
7321
7327
7331
7332
7334
7346
7350
7352
7355
7358
7363
7367
7394
7398
7405
7407
7410
7416
7435
7436
7437
7438
7468
7475
7483
7486
7490
7494
7495
7501
7510
7519
7523
7525
7535
7538
7543
7557
7562
7565
7569
7571
7575
7576
7578
7598
7604
7613
7614
7620
7627
7629
7632
7640
7644
7645
7659
7662
7670
7677
7688
7709
7711
7722
7731
7736
7755
7767
7775
7780
7791
7818
7827
7832
7837
7842
7864
7866
7871
7873
7880
7894
7900
7902
7913
7914
7918
7925
7929
7938
7945
7948
7958
7963
7970
7977
7985
7988
7992
7999
8012
8015
8029
8032
8038
8041
8043
8046
8079
8082
8086
8096
8099
8109
8112
8115
8130
8133
8136
8137
8138
8142
8147
8150
8155
8160
8163
8165
8166
8169
8170
8175
8183
8191
8192
8196
8204
8218
8220
8223
8224
8234
8244
8252
8278
8279
8283
8289
8315
8320
8321
8327
8330
8344
8349
8357
8374
8380
8386
8389
8392
8397
8407
8418
8420
8422
8424
8434
8436
8437
8446
8449
8454
8472
8474
8484
8485
8488
8489
8499
8500
8504
8514
8520
8524
8527
8530
8535
8541
8549
8564
8565
8567
8571
8576
8588
8589
8596
8600
8617
8620
8621
8630
8631
8676
8685
8691
8694
8695
8713
8718
8725
8735
8740
8747
8751
8759
8771
8777
8779
8782
8783
8784
8801
8804
8811
8815
8818
8822
8829
8833
8841
8848
8860
8869
8879
8902
8906
8915
8933
8947
8950
8956
8966
8975
8976
8979
8987
8992
8995
8998
9001
9013
9018
9023
9024
9042
9049
9053
9057
9061
9065
9074
9082
9083
9091
9100
9103
9108
9113
9115
9117
9124
9127
9136
9146
9152
9176
9180
9184
9185
9190
9193
9195
9196
9198
9222
9226
9230
9233
9241
9246
9251
9253
9260
9266
9268
9277
9305
9307
9311
9319
9331
9337
9353
9354
9358
9359
9361
9362
9364
9375
9378
9382
9399
9408
9413
9417
9419
9424
9434
9436
9437
9440
9444
9447
9457
9458
9459
9460
9462
9463
9479
9484
9487
9506
9518
9523
9524
9532
9557
9560
9565
9568
9569
9575
9586
9595
9596
9600
9601
9602
9608
9632
9636
9637
9640
9645
9646
9655
9657
9664
9681
9682
9684
9697
9698
9702
9703
9710
9717
9723
9735
9746
9772
9779
9785
9788
9803
9811
9820
9828
9834
9835
9838
9840
9850
9851
9854
9855
9856
9857
9864
9865
9869
9876
9883
9906
9914
9915
9927
9928
9929
9930
9932
9933
9934
9936
9945
9955
9965
9970
9979
9983
9987
10009
10011
10012
10031
10032
10042
10051
10054
10066
10069
10095
10100
10103
10110
10117
10121
10135
10137
10140
10153
10156
10162
10164
10176
10189
10193
10197
10206
10215
10219
10222
10231
10234
10252
10256
10274
10289
10314
10316
10319
10333
10339
10344
10357
10365
10374
10375
10376
10378
10382
10395
10400
10402
10410
10415
10425
10426
10434
10444
10447
10451
10458
10463
10468
10485
10489
10498
10502
10509
10514
10522
10526
10530
10535
10540
10557
10560
10562
10580
10584
10590
10598
10599
10603
10614
10617
10619
10622
10636
10649
10660
10662
10666
10669
10677
10678
10680
10686
10692
10695
10704
10706
10709
10712
10735
10741
10748
10751
10757
10767
10775
10777
10784
10787
10789
10806
10812
10833
10841
10845
10847
10861
10866
10871
10872
10878
10883
10890
10892
10896
10904
10912
10915
10926
10929
10936
10940
10961
10970
10976
10982
10983
10991
11000
11014
11018
11023
11027
11033
11034
11036
11038
11042
11046
11050
11054
11057
11062
11063
11065
11086
11087
11093
11098
11114
11116
11134
11137
11148
11163
11165
11169
11176
11180
11181
11190
11210
11243
11249
11279
11285
11291
11297
11306
11307
11309
11313
11321
11328
11333
11341
11346
11347
11352
11361
11394
11415
11418
11421
11424
11425
11433
11437
11443
11445
11451
11453
11454
11456
11458
11465
11468
11470
11483
11488
11493
11511
11514
11516
11522
11530
11534
11535
11536
11537
11540
11546
11548
11555
11560
11564
11580
11581
11587
11603
11617
11621
11635
11637
11638
11639
11641
11646
11648
11664
11665
11667
11671
11676
11682
11692
11698
11699
11707
11709
11710
11715
11718
11722
11729
11742
11767
11768
11774
11776
11782
11787
11795
11799
11804
11813
11816
11825
11828
11840
11855
11868
11871
11882
11888
11896
11919
11926
11932
11933
11935
11942
11944
11949
11951
11975
11976
11990
11996
11997
12003
12011
12013
12016
12024
12045
12058
12059
12062
12064
12070
12073
12078
12092
12097
12099
12107
12117
12122
12134
12135
12140
12141
12146
12157
12162
12174
12190
12191
12193
12194
12196
12201
12202
12203
12213
12214
12218
12223
12226
12231
12241
12244
12253
12254
12271
12272
12278
12279
12283
12299
12300
12307
12319
12320
12324
10
0
22
53
83
143
164
276
330
334
349
