5614
7
20
23
29
42
44
46
49
64
86
92
93
101
113
118
121
136
144
148
153
156
157
158
176
177
179
196
211
224
242
245
255
256
273
279
293
296
304
311
312
327
332
333
340
348
356
364
387
391
392
393
400
401
404
410
411
419
421
424
432
435
451
455
458
482
484
486
488
493
495
508
516
523
526
536
540
542
546
550
551
557
558
572
574
577
585
590
603
611
622
649
652
655
656
657
660
684
714
715
721
722
725
731
736
739
751
754
771
772
777
787
790
794
795
798
802
805
806
809
813
815
817
839
840
841
842
845
847
850
860
872
881
886
892
897
910
913
916
917
933
935
953
982
984
985
990
999
1016
1024
1039
1049
1050
1052
1067
1081
1106
1114
1130
1138
1139
1140
1156
1157
1159
1167
1178
1185
1186
1188
1191
1194
1200
1202
1206
1218
1219
1223
1227
1233
1238
1240
1256
1260
1265
1269
1270
1271
1283
1284
1285
1287
1295
1298
1314
1320
1321
1328
1340
1342
1347
1350
1352
1358
1371
1394
1402
1406
1413
1417
1441
1442
1446
1455
1458
1461
1479
1480
1481
1494
1508
1510
1518
1519
1527
1528
1529
1535
1540
1543
1546
1547
1561
1565
1581
1584
1593
1616
1618
1619
1620
1644
1645
1661
1662
1674
1693
1696
1703
1704
1705
1710
1711
1718
1719
1726
1730
1733
1771
1774
1783
1795
1805
1821
1824
1832
1840
1848
1863
1870
1871
1875
1889
1899
1904
1906
1909
1913
1914
1918
1921
1923
1924
1929
1930
1932
1934
1935
1942
1944
1948
1955
1957
1958
1962
1964
1987
1990
1997
1998
2000
2008
2013
2019
2022
2038
2045
2047
2058
2069
2071
2075
2078
2090
2095
2098
2101
2107
2112
2125
2126
2128
2129
2130
2136
2139
2156
2157
2163
2168
2170
2173
2177
2189
2192
2198
2200
2207
2216
2218
2219
2221
2229
2239
2243
2257
2271
2277
2278
2285
2286
2293
2296
2299
2300
2304
2312
2318
2320
2328
2339
2351
2354
2357
2373
2375
2376
2381
2387
2388
2394
2397
2405
2407
2410
2424
2431
2433
2438
2441
2443
2446
2447
2451
2471
2477
2483
2489
2491
2504
2507
2524
2525
2528
2544
2549
2559
2565
2574
2576
2585
2586
2587
2594
2609
2610
2612
2614
2619
2621
2632
2637
2644
2657
2659
2662
2666
2670
2671
2672
2689
2696
2698
2699
2704
2713
2716
2730
2731
2745
2750
2773
2778
2784
2788
2790
2796
2809
2812
2817
2830
2834
2842
2849
2851
2852
2853
2857
2861
2883
2892
2893
2905
2909
2921
2925
2943
2951
2952
2965
2972
2980
2983
2987
2990
2994
3009
3018
3047
3048
3051
3061
3063
3064
3068
3069
3080
3084
3090
3106
3109
3121
3127
3133
3142
3145
3151
3173
3186
3188
3195
3198
3202
3203
3208
3211
3220
3231
3232
3235
3236
3237
3262
3264
3270
3272
3275
3285
3296
3300
3303
3316
3333
3335
3336
3342
3344
3348
3351
3355
3372
3373
3388
3393
3398
3418
3421
3427
3443
3453
3460
3461
3464
3470
3471
3473
3487
3490
3499
3502
3514
3516
3517
3520
3522
3527
3537
3539
3541
3551
3559
3565
3574
3575
3587
3591
3593
3594
3596
3598
3600
3612
3613
3621
3632
3639
3640
3642
3647
3650
3658
3670
3671
3673
3675
3676
3680
3681
3699
3707
3710
3713
3714
3721
3727
3742
3758
3760
3769
3771
3775
3776
3798
3812
3813
3821
3822
3826
3830
3840
3842
3848
3859
3866
3867
3876
3881
3882
3900
3903
3916
3921
3923
3927
3932
3938
3950
3953
3958
3963
3966
3967
3977
3991
3993
3998
4001
4015
4023
4037
4039
4062
4067
4068
4082
4084
4086
4089
4094
4099
4111
4114
4118
4122
4125
4126
4136
4138
4141
4162
4163
4166
4183
4192
4197
4204
4209
4215
4216
4221
4232
4249
4252
4253
4259
4260
4261
4262
4264
4267
4281
4282
4286
4288
4289
4295
4298
4299
4301
4304
4311
4328
4341
4354
4362
4372
4377
4378
4393
4395
4396
4398
4400
4408
4411
4412
4420
4429
4434
4440
4448
4450
4454
4455
4458
4463
4468
4470
4477
4486
4490
4500
4503
4511
4517
4525
4537
4539
4542
4543
4544
4549
4552
4558
4560
4568
4583
4584
4602
4606
4618
4619
4623
4626
4629
4648
4650
4662
4673
4679
4697
4700
4710
4714
4717
4740
4741
4746
4747
4749
4753
4757
4758
4761
4768
4772
4780
4798
4803
4809
4816
4820
4829
4837
4851
4855
4868
4871
4879
4880
4884
4888
4904
4907
4913
4925
4931
4937
4957
4959
4975
4976
4989
4996
4998
5015
5029
5042
5065
5066
5068
5069
5074
5089
5092
5096
5100
5119
5123
5124
5127
5135
5136
5138
5156
5177
5179
5181
5198
5204
5209
5211
5219
5238
5246
5250
5286
5289
5294
5310
5313
5317
5321
5324
5334
5347
5353
5354
5358
5362
5366
5367
5374
5376
5378
5388
5401
5410
5412
5415
5417
5425
5431
5436
5445
5446
5448
5449
5451
5456
5463
5468
5472
5479
5489
5496
5505
5539
5548
5551
5581
5583
5584
5585
5587
5604
5610
5613
5614
5620
5629
5630
5634
5642
5650
5652
5659
5661
5672
5676
5682
5686
5688
5690
5693
5703
5710
5719
5726
5737
5750
5753
5756
5762
5763
5766
5767
5775
5776
5779
5782
5785
5796
5797
5808
5810
5814
5822
5824
5828
5832
5842
5852
5861
5864
5875
5893
5894
5902
5913
5921
5929
5938
5946
5959
5961
5962
5969
5971
5972
5974
5984
6000
6006
6011
6016
6017
6033
6057
6065
6069
6073
6074
6077
6092
6098
6114
6119
6125
6137
6153
6174
6175
6184
6186
6191
6210
6218
6227
6230
6239
6253
6258
6280
6281
6282
6289
6291
6294
6300
6304
6305
6306
6311
6314
6322
6323
6328
6340
6354
6355
6358
6366
6372
6379
6390
6405
6407
6421
6427
6435
6439
6441
6443
6455
6456
6458
6460
6462
6463
6475
6478
6503
6507
6510
6518
6537
6547
6549
6567
6568
6581
6614
6620
6628
6632
6636
6652
6661
6665
6668
6676
6680
6693
6697
6698
6711
6712
6720
6723
6753
6760
6763
6768
6772
6774
6775
6779
6785
6789
6794
6797
6801
6806
6812
6822
6829
6836
6840
6844
6863
6868
6880
6885
6916
6918
6925
6931
6937
6938
6957
6961
6970
6971
6972
6973
6983
6985
6986
6989
6994
7003
7011
7022
7025
7031
7034
7036
7042
7046
7051
7064
7067
7075
7082
7087
7090
7093
7095
7123
7133
7141
7147
7159
7185
7198
7205
7206
7211
7214
7217
7219
7223
7230
7234
7239
7243
7244
7259
7263
7272
7281
7284
7286
7312
7351
7355
7370
7380
7389
7393
7394
7396
7399
7410
7412
7414
7417
7426
7430
7447
7450
7458
7461
7473
7478
7482
7483
7494
7499
7500
7502
7503
7511
7514
7530
7540
7561
7574
7576
7580
7584
7591
7593
7595
7600
7605
7606
7612
7613
7616
7633
7641
7645
7648
7649
7650
7653
7664
7667
7671
7672
7677
7695
7699
7711
7719
7724
7727
7730
7735
7750
7756
7763
7782
7784
7797
7806
7807
7815
7819
7841
7854
7857
7860
7865
7870
7874
7880
7890
7894
7905
7915
7924
7935
7943
7956
7957
7961
7963
7964
7972
7988
7989
7992
7999
8000
8006
8007
8014
8019
8025
8028
8032
8035
8040
8050
8053
8062
8064
8066
8074
8079
8085
8087
8097
8098
8111
8135
8146
8151
8153
8154
8164
8169
8206
8212
8217
8220
8232
8235
8239
8257
8264
8273
8274
8276
8279
8285
8291
8298
8299
8301
8308
8310
8311
8315
8319
8323
8327
8333
8355
8357
8375
8386
8390
8391
8392
8394
8404
8407
8408
8413
8427
8432
8438
8447
8454
8455
8475
8488
8491
8493
8495
8497
8500
8504
8507
8512
8513
8519
8520
8527
8537
8543
8549
8555
8566
8569
8570
8581
8591
8595
8599
8605
8607
8610
8612
8617
8621
8635
8645
8646
8653
8667
8670
8703
8706
8712
8714
8728
8740
8746
8767
8770
8776
8778
8779
8780
8782
8785
8793
8800
8803
8807
8814
8821
8822
8847
8849
8850
8853
8859
8874
8888
8901
8902
8904
8905
8906
8911
8929
8931
8933
8940
8948
8964
8965
8979
8985
8987
9009
9016
9020
9022
9038
9040
9044
9051
9055
9060
9062
9074
9077
9109
9116
9123
9127
9129
9135
9137
9140
9145
9147
9150
9159
9160
9163
9168
9171
9183
9187
9194
9196
9198
9201
9223
9224
9229
9232
9241
9262
9282
9287
9311
9312
9314
9332
9338
9342
9345
9348
9364
9388
9400
9414
9425
9433
9434
9437
9442
9482
9483
9492
9497
9503
9506
9509
9514
9518
9529
9531
9534
9546
9553
9569
9573
9577
9581
9586
9600
9613
9616
9618
9619
9620
9626
9640
9651
9656
9660
9668
9676
9677
9678
9683
9687
9689
9696
9701
9702
9709
9712
9715
9720
9725
9727
9730
9733
9738
9745
9755
9756
9758
9763
9773
9786
9791
9796
9808
9812
9815
9828
9830
9837
9842
9849
9865
9869
9870
9871
9876
9878
9881
9897
9901
9902
9906
9910
9913
9918
9936
9940
9955
9960
9961
9991
9993
10011
10017
10024
10039
10042
10048
10054
10079
10103
10104
10105
10109
10132
10138
10143
10144
10151
10153
10158
10165
10178
10180
10185
10194
10199
10200
10203
10210
10230
10238
10240
10251
10256
10263
10264
10269
10273
10276
10285
10289
10291
10297
10307
10312
10316
10317
10324
10356
10360
10363
10368
10372
10373
10381
10388
10391
10395
10399
10406
10409
10414
10421
10427
10432
10459
10464
10466
10470
10474
10486
10488
10491
10494
10495
10499
10502
10505
10517
10522
10526
10545
10552
10556
10557
10565
10568
10571
10580
10585
10588
10603
10604
10610
10617
10618
10619
10623
10632
10639
10641
10645
10646
10647
10654
10655
10663
10666
10670
10687
10689
10696
10700
10703
10709
10721
10737
10739
10745
10746
10748
10750
10761
10769
10775
10777
10778
10781
10785
10787
10793
10800
10807
10808
10809
10810
10813
10822
10829
10831
10838
10840
10870
10884
10885
10889
10901
10909
10916
10918
10927
10934
10935
10937
10939
10950
10968
10978
10985
10992
11004
11015
11030
11040
11041
11048
11053
11065
11066
11086
11089
11100
11104
11107
11118
11125
11127
11142
11150
11156
11180
11188
11191
11211
11214
11218
11221
11229
11247
11270
11272
11283
11288
11290
11297
11299
11308
11311
11329
11331
11336
11338
11349
11352
11360
11364
11366
11367
11374
11377
11386
11390
11404
11411
11416
11421
11425
11438
11443
11452
11455
11457
11460
11467
11470
11475
11492
11499
11507
11515
11519
11520
11525
11526
11533
11540
11544
11545
11550
11567
11588
11596
11597
11601
11603
11608
11609
11615
11617
11623
11648
11650
11659
11671
11675
11686
11689
11702
11708
11710
11734
11739
11746
11760
11765
11770
11775
11776
11780
11786
11789
11791
11794
11798
11805
11806
11846
11867
11878
11881
11889
11892
11895
11898
11901
11905
11921
11931
11943
11952
11954
11973
11997
11999
12001
12002
12010
12014
12027
12029
12030
12031
12039
12045
12050
12053
12065
12070
12076
12102
12112
12114
12115
12155
12157
12162
12164
12166
12169
12170
12172
12193
12198
12200
12204
12212
12215
12216
12218
12220
12221
12225
12233
12234
12235
12238
12240
12241
12245
12246
12247
12272
12280
12297
12298
12316
12351
12361
12364
12365
12367
12374
12375
12377
12379
12387
12400
12404
12410
12424
12429
12430
12432
12447
12451
12460
12464
12465
12474
12485
12488
12491
12499
12511
12512
12539
12542
12565
12577
12580
12593
12608
12611
12612
12617
12621
12633
12647
12662
12671
12672
12673
12680
12682
12688
12695
12698
12703
12719
12724
12731
12733
12745
12768
12774
12776
12809
12811
12814
12828
12830
12841
12845
12850
12853
12856
12865
12886
12900
12904
12916
12924
12927
12939
12951
12956
12964
12967
12971
12984
12986
12997
13010
13026
13063
13065
13066
13079
13091
13095
13108
13109
13110
13143
13149
13153
13164
13165
13166
13170
13177
13180
13204
13205
13218
13223
13235
13241
13244
13249
13254
13284
13286
13290
13309
13313
13315
13328
13335
13337
13351
13364
13381
13385
13404
13407
13408
13421
13425
13432
13454
13460
13467
13471
13481
13482
13487
13503
13513
13514
13521
13524
13529
13545
13551
13575
13588
13594
13595
13596
13605
13621
13625
13628
13642
13654
13668
13670
13681
13702
13713
13719
13729
13733
13738
13740
13746
13748
13751
13753
13755
13777
13779
13782
13787
13790
13804
13807
13820
13833
13834
13836
13842
13849
13850
13866
13868
13869
13872
13878
13889
13891
13897
13908
13910
13917
13929
13936
13940
13942
13981
13996
14001
14007
14012
14022
14039
14053
14055
14058
14064
14066
14074
14078
14079
14083
14115
14117
14119
14125
14126
14136
14144
14149
14174
14177
14189
14206
14207
14209
14211
14217
14221
14224
14228
14230
14231
14256
14262
14266
14271
14279
14289
14291
14304
14314
14319
14322
14324
14327
14336
14338
14341
14345
14351
14354
14366
14367
14374
14377
14382
14394
14399
14403
14404
14413
14418
14421
14428
14430
14439
14446
14450
14455
14463
14474
14475
14483
14484
14486
14496
14498
14505
14508
14529
14537
14539
14541
14542
14560
14564
14569
14574
14579
14586
14587
14591
14602
14603
14611
14637
14646
14650
14665
14667
14668
14673
14681
14710
14712
14729
14731
14742
14749
14760
14762
14770
14772
14780
14781
14787
14804
14822
14827
14828
14831
14834
14842
14844
14852
14875
14894
14903
14911
14920
14927
14929
14944
14950
14955
14966
14968
14978
14981
14983
14989
15003
15012
15017
15020
15025
15039
15041
15046
15047
15056
15063
15078
15085
15089
15094
15096
15116
15117
15125
15126
15129
15132
15141
15148
15159
15172
15181
15182
15197
15210
15220
15244
15253
15263
15277
15278
15281
15284
15293
15294
15299
15302
15306
15307
15308
15321
15334
15355
15363
15379
15388
15394
15403
15406
15414
15418
15424
15430
15432
15437
15449
15457
15458
15461
15470
15471
15476
15481
15486
15492
15502
15507
15510
15512
15519
15522
15527
15531
15542
15547
15559
15567
15575
15580
15581
15582
15584
15590
15594
15604
15615
15616
15637
15640
15641
15643
15651
15657
15664
15667
15673
15676
15680
15686
15690
15691
15692
15697
15702
15712
15713
15732
15744
15750
15752
15768
15780
15784
15794
15799
15801
15810
15818
15828
15829
15835
15838
15839
15841
15844
15851
15855
15856
15857
15872
15889
15896
15901
15907
15915
15919
15922
15925
15928
15938
15959
15962
15963
15984
15987
15989
15996
15999
16001
16002
16004
16007
16013
16018
16021
16022
16023
16024
16032
16039
16046
16047
16071
16077
16083
16088
16098
16104
16107
16111
16117
16121
16126
16129
16132
16141
16152
16153
16165
16173
16174
16178
16189
16195
16207
16229
16232
16236
16256
16273
16277
16281
16284
16287
16291
16295
16299
16304
16306
16321
16328
16329
16330
16336
16339
16341
16346
16347
16362
16368
16379
16383
16384
16385
16389
16406
16409
16418
16422
16448
16455
16457
16469
16483
16486
16491
16494
16513
16516
16521
16523
16527
16537
16548
16549
16556
16559
16571
16572
16573
16575
16580
16581
16582
16590
16591
16594
16595
16605
16623
16643
16650
16651
16660
16669
16677
16686
16697
16701
16709
16710
16714
16715
16723
16746
16753
16764
16765
16766
16778
16783
16793
16803
16804
16805
16806
16808
16811
16827
16831
16833
16858
16859
16860
16862
16868
16875
16885
16886
16887
16896
16902
16904
16907
16913
16915
16927
16931
16935
16945
16956
16961
16964
16974
16976
16978
16980
16985
16988
16991
17000
17002
17003
17007
17019
17021
17023
17025
17026
17031
17035
17045
17049
17052
17072
17075
17078
17086
17102
17109
17110
17111
17136
17146
17149
17151
17156
17165
17169
17172
17191
17194
17199
17201
17203
17213
17221
17224
17226
17228
17230
17232
17242
17243
17244
17245
17256
17260
17261
17263
17272
17279
17283
17284
17289
17311
17312
17314
17316
17319
17329
17332
17335
17336
17351
17360
17366
17367
17375
17377
17378
17379
17390
17408
17419
17429
17430
17441
17470
17478
17481
17488
17493
17496
17497
17504
17510
17515
17520
17540
17542
17559
17561
17567
17570
17578
17579
17582
17587
17588
17591
17595
17604
17614
17615
17623
17640
17657
17660
17662
17671
17676
17677
17704
17707
17713
17724
17725
17738
17741
17749
17758
17763
17771
17778
17789
17799
17804
17805
17806
17811
17820
17831
17841
17850
17854
17864
17866
17871
17879
17883
17884
17890
17896
17901
17910
17914
17917
17918
17921
17930
17931
17934
17939
17942
17943
17944
17951
17952
17957
17958
17970
17973
17981
17989
17996
17997
18009
18022
18038
18050
18055
18059
18065
18066
18069
18072
18081
18083
18088
18094
18101
18104
18112
18127
18128
18134
18135
18147
18151
18158
18162
18166
18170
18177
18178
18198
18201
18207
18215
18227
18230
18234
18241
18242
18246
18247
18258
18261
18263
18267
18274
18275
18277
18281
18283
18294
18308
18313
18328
18337
18355
18364
18365
18374
18378
18390
18399
18402
18405
18409
18421
18422
18427
18434
18435
18438
18439
18463
18474
18475
18476
18477
18478
18481
18490
18498
18502
18506
18513
18520
18521
18522
18532
18534
18535
18537
18538
18543
18549
18551
18564
18574
18578
18581
18582
18584
18586
18594
18595
18598
18609
18612
18614
18616
18623
18631
18635
18636
18641
18642
18644
18648
18656
18663
18669
18679
18708
18716
18719
18726
18728
18739
18744
18745
18750
18754
18758
18782
18796
18802
18810
18812
18816
18817
18818
18821
18823
18826
18830
18835
18871
18872
18879
18913
18916
18921
18922
18926
18936
18937
18947
18950
18954
18955
18960
18975
18979
18981
18992
18999
19000
19001
19014
19020
19024
19029
19031
19036
19038
19043
19048
19056
19058
19065
19073
19084
19085
19101
19111
19113
19116
19124
19125
19135
19146
19151
19152
19154
19156
19163
19166
19170
19173
19174
19205
19207
19209
19214
19225
19236
19243
19279
19281
19286
19290
19293
19304
19321
19323
19332
19335
19336
19339
19342
19344
19351
19355
19360
19366
19368
19372
19377
19378
19382
19385
19386
19388
19398
19401
19414
19436
19442
19446
19447
19485
19486
19490
19491
19495
19500
19507
19520
19522
19526
19529
19537
19540
19542
19557
19565
19574
19585
19593
19619
19630
19632
19633
19635
19645
19656
19659
19679
19680
19685
19711
19717
19727
19735
19737
19752
19753
19755
19769
19783
19796
19802
19805
19822
19827
19836
19839
19841
19861
19864
19867
19871
19881
19898
19903
19907
19910
19911
19916
19925
19933
19937
19940
19944
19952
19960
19964
19985
19994
19999
20012
20016
20019
20023
20026
20032
20041
20043
20050
20064
20067
20069
20082
20091
20094
20095
20106
20107
20119
20121
20122
20126
20128
20135
20142
20144
20145
20156
20157
20161
20195
20198
20199
20204
20205
20207
20233
20235
20240
20244
20250
20259
20269
20271
20283
20285
20287
20289
20292
20294
20303
20304
20309
20313
20327
20328
20363
20364
20372
20380
20385
20387
20392
20412
20423
20429
20438
20442
20447
20451
20459
20460
20464
20476
20480
20495
20502
20504
20507
20508
20517
20522
20527
20528
20529
20530
20533
20564
20570
20572
20573
20575
20578
20579
20582
20586
20598
20607
20610
20615
20634
20646
20649
20659
20665
20685
20687
20692
20702
20708
20709
20718
20722
20729
20735
20741
20743
20748
20750
20751
20761
20782
20787
20797
20800
20806
20813
20815
20826
20830
20835
20837
20839
20844
20848
20861
20865
20866
20876
20877
20908
20921
20966
20982
20990
20994
20999
21006
21013
21014
21035
21042
21064
21065
21068
21079
21107
21116
21117
21124
21132
21133
21139
21148
21153
21157
21164
21168
21169
21178
21182
21186
21212
21242
21247
21249
21263
21270
21271
21277
21279
21285
21307
21315
21325
21328
21329
21330
21337
21339
21341
21346
21350
21351
21352
21354
21360
21362
21364
21367
21372
21373
21377
21381
21384
21387
21409
21415
21416
21417
21418
21426
21431
21441
21442
21449
21451
21461
21465
21470
21472
21475
21482
21483
21487
21493
21498
21502
21505
21512
21519
21528
21533
21537
21561
21571
21574
21579
21583
21591
21597
21599
21607
21609
21621
21643
21657
21670
21680
21687
21688
21697
21699
21701
21708
21710
21742
21746
21747
21754
21761
21766
21772
21774
21779
21782
21790
21793
21812
21813
21814
21822
21823
21827
21841
21844
21851
21860
21866
21872
21896
21903
21909
21927
21929
21932
21940
21943
21947
21949
21955
21957
21964
21965
21966
21972
21985
21996
21998
22002
22005
22010
22012
22014
22033
22041
22042
22044
22050
22052
22053
22055
22060
22062
22075
22095
22099
22119
22120
22137
22150
22158
22160
22184
22185
22189
22193
22223
22225
22226
22229
22235
22239
22254
22256
22268
22269
22288
22304
22315
22325
22327
22330
22334
22338
22344
22345
22362
22363
22379
22380
22381
22382
22388
22406
22424
22428
22431
22441
22442
22481
22486
22497
22500
22505
22506
22511
22515
22522
22544
22553
22558
22560
22575
22582
22596
22597
22611
22614
22617
22626
22628
22652
22661
22662
22667
22670
22673
22694
22710
22712
22716
22719
22725
22728
22739
22743
22762
22766
22767
22769
22784
22806
22808
22814
22816
22825
22826
22831
22840
22844
22845
22847
22854
22861
22869
22891
22898
22904
22928
22938
22956
22964
22968
22975
22977
22981
22986
22987
22999
23003
23035
23037
23049
23053
23056
23062
23074
23075
23081
23093
23107
23112
23113
23114
23116
23118
23122
23127
23138
23143
23160
23163
23168
23172
23189
23191
23197
23198
23202
23206
23207
23210
23212
23224
23230
23244
23248
23250
23251
23261
23268
23269
23271
23286
23290
23292
23298
23299
23306
23318
23321
23333
23337
23346
23351
23352
23353
23357
23364
23365
23378
23379
23381
23390
23392
23394
23403
23405
23417
23418
23423
23428
23432
23451
23455
23459
23473
23487
23491
23496
23515
23523
23530
23537
23541
23546
23551
23554
23585
23594
23604
23610
23611
23613
23614
23620
23622
23623
23630
23638
23652
23659
23668
23671
23675
23687
23706
23717
23721
23730
23747
23749
23752
23759
23762
23776
23779
23786
23791
23797
23798
23800
23806
23831
23834
23846
23847
23859
23875
23878
23881
23884
23889
23892
23895
23896
23913
23917
23940
23944
23946
23948
23949
23950
23970
23973
23977
23978
23988
23994
23995
24014
24017
24032
24052
24077
24078
24080
24099
24103
24105
24108
24124
24127
24132
24142
24143
24147
24148
24152
24161
24164
24168
24173
24185
24193
24208
24220
24226
24228
24245
24247
24273
24284
24287
24296
24303
24306
24315
24317
24318
24321
24331
24336
24342
24343
24349
24366
24373
24374
24376
24400
24402
24415
24425
24427
24431
24438
24440
24445
24467
24474
24489
24492
24495
24499
24500
24509
24514
24518
24523
24526
24530
24553
24564
24570
24573
24574
24592
24594
24598
24601
24608
24609
24610
24612
24614
24622
24631
24634
24638
24640
24654
24659
24663
24668
24670
24686
24688
24690
24694
24709
24710
24711
24721
24741
24745
24754
24757
24776
24781
24783
24788
24790
24797
24800
24803
24807
24812
24817
24821
24823
24829
24843
24844
24863
24869
24874
24880
24884
24898
24902
24912
24913
24920
24924
24934
24936
24946
24959
24966
24971
24983
24984
24987
24997
25005
25007
25012
25021
25039
25040
25042
25045
25058
25061
25069
25070
25080
25084
25085
25100
25130
25148
25158
25170
25176
25194
25196
25200
25204
25214
25226
25232
25237
25239
25251
25255
25266
25272
25277
25298
25305
25313
25319
25320
25326
25337
25341
25345
25346
25356
25361
25363
25370
25377
25380
25381
25384
25385
25387
25392
25405
25409
25412
25415
25417
25427
25428
25434
25440
25448
25463
25470
25474
25486
25497
25510
25518
25519
25528
25540
25554
25557
25566
25570
25573
25579
25582
25588
25590
25593
25607
25610
25615
25637
25638
25640
25642
25645
25657
25661
25663
25675
25678
25698
25700
25704
25713
25714
25716
25744
25746
25761
25775
25777
25790
25792
25797
25802
25813
25814
25816
25831
25833
25854
25866
25869
25876
25894
25910
25933
25936
25937
25938
25940
25945
25950
25956
25959
25960
25968
25973
25979
25983
26004
26022
26023
26029
26030
26038
26054
26059
26063
26069
26070
26074
26084
26096
26098
26100
26104
26114
26118
26133
26134
26135
26138
26141
26145
26175
26177
26183
26185
26187
26210
26219
26223
26227
26230
26238
26240
26242
26251
26261
26263
26268
26269
26271
26274
26287
26294
26298
26299
26301
26313
26317
26322
26325
26339
26357
26361
26364
26367
26384
26387
26390
26393
26401
26403
26405
26409
26439
26440
26464
26478
26490
26494
26506
26508
26516
26526
26529
26531
26539
26541
26565
26567
26568
26569
26572
26581
26592
26593
26595
26608
26617
26624
26627
26629
26634
26649
26652
26656
26657
26683
26685
26691
26700
26701
26702
26705
26708
26712
26717
26720
26729
26730
26734
26736
26739
26750
26751
26762
26765
26767
26770
26781
26783
26786
26811
26823
26828
26837
26838
26853
26859
26868
26872
26874
26875
26876
26877
26879
26895
26898
26903
26908
26911
26912
26919
26924
26928
26936
26937
26974
26975
26985
26992
27000
27016
27031
27034
27036
27039
27042
27045
27047
27052
27056
27073
27080
27081
27089
27090
27097
27101
27119
27120
27125
27127
27130
27137
27149
27164
27165
27167
27169
27175
27180
27181
27183
27185
27193
27211
27219
27244
27251
27256
27266
27270
27272
27273
27284
27288
27298
27299
27305
27312
27317
27322
27323
27337
27342
27345
27353
27354
27357
27358
27361
27362
27371
27387
27389
27404
27420
27422
27426
27428
27442
27447
27448
27465
27471
27497
27505
27510
27512
27515
27517
27518
27519
27522
27545
27546
27556
27561
27564
27570
27581
27598
27602
27603
27620
27648
27650
27653
27655
27660
27677
27678
27679
27688
27700
27711
27732
27733
27734
27738
27757
27762
27771
27773
27777
27780
27790
27792
27799
27802
27818
27821
27825
27835
27837
27855
27866
27870
27874
27885
27898
27904
27916
27919
27922
27928
27931
27949
27950
27957
27966
27974
27977
27995
27996
28003
28006
28009
28012
28015
28031
28032
28033
28037
28041
28045
28063
28068
28070
28072
28075
28094
28100
28101
28121
28140
28147
28157
28158
28163
28169
28180
28186
28188
28192
28197
28202
28203
28211
28213
28222
28227
28228
28237
28241
28243
28254
28256
28281
28284
28287
28296
28301
28309
28337
28339
28343
28346
28348
28351
28358
28359
28382
28385
28392
28393
28401
28403
28404
28415
28419
28426
28431
28438
28440
28447
28452
28455
28470
28500
28502
28507
28508
28510
28518
28524
28530
28535
28544
28546
28549
28554
28563
28568
28576
28580
28584
28595
28597
28601
28604
28607
28609
28614
28635
28649
28657
28668
28682
28719
28723
28749
28767
28776
28790
28794
28807
28823
28833
28834
28838
28839
28848
28858
28862
28863
28869
28874
28876
28882
28894
28897
28901
28919
28923
28929
28931
28932
28933
28941
28948
28959
28966
28978
28989
28994
28996
29000
29016
29023
29030
29044
29045
29046
29058
29079
29082
29103
29117
29131
29139
29142
29149
29150
29167
29175
29176
29179
29186
29199
29206
29221
29231
29237
29247
29252
29268
29297
29298
29299
29308
29312
29323
29324
29339
29340
29344
29351
29361
29371
29377
29380
29381
29394
29402
29405
29409
29423
29425
29433
29448
29449
29456
29459
29467
29475
29489
29496
29497
29498
29511
29512
29519
29522
29523
29529
29530
29535
29539
29557
29561
29567
29580
29582
29587
29588
29594
29607
29610
29613
29616
29617
29622
29625
29627
29632
29637
29644
29645
29647
29651
29656
29670
29672
29675
29677
29678
29686
29689
29704
29709
29713
29726
29727
29736
29738
29749
29765
29771
29772
29780
29793
29807
29816
29819
29825
29838
29841
29842
29847
29868
29879
29885
29895
29900
29914
29917
29925
29929
29932
29951
29957
29968
29974
29979
29984
29987
29990
29996
30000
30002
30019
30023
30032
30038
30053
30057
30059
30070
30074
30076
30080
30081
30083
30107
30116
30119
30127
30128
30130
30155
30160
30173
30187
30191
30193
30213
30226
30253
30259
30264
30269
30279
30281
30287
30288
30297
30299
30304
30305
30307
30318
30324
30328
30341
30343
30352
30360
30366
30383
30387
30399
30402
30407
30408
30413
30421
30433
30438
30444
30446
30457
30473
30477
30486
30489
30490
30491
30507
30509
30517
30520
30524
30541
30547
30555
30557
30572
30581
30583
30591
30593
30613
30615
30622
30640
30645
30648
30668
30685
30686
30687
30698
30709
30713
30720
30727
30728
30730
30735
30736
30737
30747
30754
30770
30773
30775
30777
30781
30782
30785
30789
30806
30809
30818
30824
30828
30849
30884
30885
30886
30888
30899
30900
30922
30925
30926
30929
30930
30939
30965
30973
30975
30990
30994
30995
31016
31017
31044
31046
31047
31086
31095
31097
31100
31102
31109
31120
31121
31130
31140
31146
31158
31159
31161
31166
31167
31184
31192
31195
31198
31199
31205
31208
31210
31214
31217
31220
31224
31226
31236
31240
31245
31248
31250
31266
31280
31285
31300
31306
31324
31327
31328
31332
31335
31339
31363
31367
31368
31370
31385
31391
31415
31426
31427
31430
31436
31437
31439
31442
31462
31481
31484
31497
31498
31499
31500
31501
31503
31504
31518
31525
31548
31566
31575
31580
31585
31595
31603
31608
31630
31645
31646
31653
31661
31663
31664
31669
31674
31684
31685
31712
31717
31726
31730
31733
31735
31738
31741
31744
31745
31746
31753
31776
31779
31786
31791
31792
31805
31819
31820
31834
31836
31855
31861
31882
31893
31894
31909
31911
31921
31924
31929
31946
31953
31954
31958
31959
31977
31987
31996
31998
31999
32001
32010
32019
32021
32026
32033
32038
32045
32058
32076
32081
32092
32093
32094
32095
32106
32113
32118
32120
32121
32122
32130
32135
32140
32144
32147
32159
32160
32166
32179
32182
32183
32188
32191
32192
32203
32208
32215
32228
32229
32230
32248
32252
32253
32256
32257
32259
32269
32272
32274
32276
32280
32288
32292
32295
32298
32299
32311
32324
32326
32330
32357
32358
32375
32381
32390
32391
32398
32399
32400
32403
32406
32416
32432
32438
32439
32442
32447
32456
32458
32459
32461
32469
32473
32475
32481
32485
32490
32492
32496
32497
32508
32538
32554
32573
32576
32582
32592
32599
32616
32627
32633
32638
32642
32660
32661
32663
32666
32668
32678
32682
32699
32712
32715
32718
32721
32736
32743
32746
32751
32768
32771
32783
32788
32795
32798
32799
32810
32817
32824
32827
32828
32837
32846
32848
32860
32861
32862
32871
32873
32880
32887
32893
32894
32896
32898
32900
32901
32908
32911
32912
32913
32914
32919
32920
32937
32950
32957
32962
32971
32975
32983
33006
33008
33027
33034
33042
33047
33056
33061
33063
33084
33085
33086
33094
33109
33135
33142
33144
33161
33174
33181
33191
33204
33214
33232
33244
33245
33255
33256
33265
33266
33276
33294
33307
33315
33322
33334
33341
33356
33362
33379
33381
33383
33386
33392
33402
33409
33431
33435
33442
33461
33466
33467
33488
33490
33493
33496
33512
33513
33524
33525
33526
33548
33552
33553
33563
33570
33572
33578
33585
33586
33588
33592
33596
33603
33605
33621
33623
33630
33643
33661
33696
33704
33706
33709
33713
33715
33716
33717
33721
33728
33729
33730
33740
33745
33747
33754
33757
33761
33762
33763
33765
33768
33769
33775
33782
33800
33812
33838
33842
33844
33846
33848
33849
33850
33861
33873
33877
33883
33891
33892
33912
33922
33923
33924
33926
33929
33931
33937
33953
33960
33963
33970
33973
33978
33981
33998
34008
34009
34013
34016
34024
34032
34037
34042
34046
34050
34055
34061
34068
34075
34079
34086
34102
34103
34109
34111
34146
34162
34164
34169
34171
34173
34188
34190
34191
34193
34195
34199
34215
34216
34224
34227
34228
34235
34260
34261
34264
34285
34289
34293
34296
34311
34312
34321
34325
34326
34329
34337
34338
34351
34355
34358
34364
34379
34385
34393
34407
34417
34418
34419
34423
34426
34427
34428
34448
34470
34472
34486
34489
34494
34520
34522
34526
34529
34530
34546
34549
34562
34568
34569
34573
34575
34591
34592
34596
34603
34608
34617
34620
34623
34635
34639
34641
34648
34663
34666
34677
34685
34687
34690
34692
34697
34700
34704
34710
34717
34720
34735
34736
34751
34758
34764
34768
34774
34775
34782
34784
34802
34817
34828
34830
34837
34845
34889
34897
34900
34908
34911
34916
34930
34943
34944
34955
34959
34966
34967
34976
34977
34984
34999
35009
35012
35017
35018
35027
35029
35031
35059
35063
35077
35089
35091
35098
35099
35110
35120
35130
35149
35155
35156
35185
35187
35199
35206
35212
35213
35226
35230
35248
35250
35252
35253
35255
35257
35264
35268
35279
35281
35289
35290
35291
35296
35305
35319
35321
35329
35330
35331
35332
35337
35338
35341
35349
35350
35351
35354
35356
35360
35365
35368
35373
35377
35379
35383
35386
35389
35412
35422
35434
35451
35458
35467
35473
35490
35502
35505
35525
35546
35550
35552
35570
35573
35577
35582
35590
35592
35601
35612
35624
35641
35645
35656
35658
35659
35665
35667
35670
35675
35676
35678
35686
35696
35706
35710
35711
35715
35733
35734
35736
35745
35755
35758
35782
35788
35792
35793
35798
35802
35817
35819
35830
35848
35852
35872
35883
35888
35931
35933
35952
35956
35962
35970
35989
35991
35999
36007
36013
36020
36028
36032
36034
36046
36053
36062
36063
36065
36068
36072
36078
36079
36091
36095
36115
36139
36154
36158
36162
36163
36165
36180
36185
36196
36199
36201
36205
36207
36212
36214
36217
36220
36223
36228
36230
36238
36240
36245
36249
36254
36259
36261
36283
36285
36286
36321
36322
36341
36348
36353
36356
36367
36377
36379
36383
36392
36401
36409
36410
36414
36421
36428
36434
36436
36443
36445
36459
36461
36476
36493
36498
36499
36503
36506
36514
36519
36520
36522
36535
36537
36540
36548
36558
36561
36570
36582
36592
36594
36601
36602
36623
36627
36631
36635
36650
36681
36689
36690
36693
36705
36708
36709
36717
36720
36726
36740
36753
36756
36764
36771
36776
36780
36785
36789
36799
36805
36817
36823
36829
36837
36846
36859
36864
36885
36886
36889
36895
36908
36913
36916
36934
36947
36950
36951
36955
36958
36961
36980
36982
36989
36996
37000
37019
37022
37027
37033
37038
37039
37045
37049
37061
37063
37069
37073
37085
37087
37091
37100
37108
37114
37116
37124
37131
37132
37143
37152
37162
37165
37171
37174
37176
37177
37187
37188
37197
37199
37205
37206
37214
37218
37238
37265
37266
37278
37282
37287
37310
37333
37341
37353
37367
37370
37376
37383
37385
37387
37399
37419
37420
37426
37433
37434
37436
37442
37445
37451
37458
37460
37461
37473
37488
37500
37505
37506
37516
37528
37532
37534
37537
37549
37552
37573
37583
37588
37599
37603
37610
37616
37644
37672
37674
37675
37700
37701
37711
37725
37726
37727
37734
37741
37745
37763
37784
37788
37790
37797
37801
37802
37804
37824
37830
37831
37832
37836
37837
37842
37845
37851
37858
37859
37868
37879
37880
37885
37896
37904
37911
37919
37925
37927
37933
37934
37941
37967
37968
37971
37978
37981
37983
38000
38010
38018
38023
38033
38042
38045
38057
38058
38059
38077
38080
38101
38102
38110
38113
38116
38124
38129
38133
38150
38153
38161
38169
38174
38178
38187
38190
38194
38207
9
0
14
178
184
211
221
229
432
477
