1834
2
15
32
49
51
55
60
62
67
77
81
87
92
105
110
112
123
124
129
132
135
141
150
153
161
170
178
179
181
183
195
209
214
220
229
253
254
259
276
280
283
294
300
306
309
310
314
328
336
338
352
361
362
365
367
388
389
394
402
415
432
438
439
445
446
448
455
461
480
485
487
505
506
527
539
554
556
559
564
565
574
580
605
607
625
628
630
634
644
645
651
658
660
679
691
692
697
703
710
715
718
722
723
724
733
740
742
745
747
748
750
751
771
773
780
782
783
784
789
801
808
815
817
818
820
830
856
865
873
876
884
886
887
888
889
898
902
907
916
919
923
924
925
927
928
930
934
943
959
967
968
970
974
976
984
989
999
1002
1016
1020
1031
1032
1033
1041
1045
1051
1059
1062
1080
1081
1083
1087
1090
1092
1108
1115
1131
1133
1138
1142
1149
1153
1165
1173
1182
1183
1188
1189
1193
1194
1199
1202
1203
1204
1221
1222
1224
1226
1229
1235
1236
1247
1248
1251
1257
1266
1282
1286
1297
1313
1321
1323
1325
1334
1336
1337
1340
1352
1355
1368
1369
1370
1374
1388
1394
1398
1403
1404
1407
1410
1412
1417
1419
1422
1424
1439
1444
1445
1448
1452
1460
1465
1476
1478
1481
1486
1489
1495
1502
1521
1524
1530
1540
1553
1556
1564
1574
1578
1585
1595
1618
1620
1624
1631
1655
1666
1672
1699
1708
1727
1736
1748
1750
1755
1760
1761
1768
1772
1775
1778
1781
1791
1797
1800
1809
1813
1823
1828
1840
1858
1868
1872
1873
1879
1884
1903
1912
1916
1918
1924
1926
1929
1933
1935
1941
1943
1949
1964
1975
1976
1978
1981
1994
1997
1999
2002
2003
2006
2030
2033
2042
2051
2060
2081
2084
2090
2098
2102
2115
2121
2128
2129
2131
2143
2152
2178
2181
2193
2196
2205
2207
2214
2218
2222
2230
2234
2248
2252
2253
2254
2260
2263
2264
2273
2274
2277
2287
2290
2293
2297
2316
2321
2324
2328
2335
2339
2342
2346
2347
2357
2366
2375
2380
2384
2393
2397
2399
2401
2408
2415
2419
2424
2430
2432
2434
2436
2443
2448
2449
2450
2453
2460
2468
2471
2477
2488
2499
2500
2507
2512
2514
2518
2532
2533
2561
2578
2585
2604
2608
2609
2612
2613
2615
2625
2626
2649
2650
2655
2671
2685
2686
2690
2701
2705
2709
2710
2711
2715
2717
2737
2742
2750
2761
2767
2769
2783
2788
2801
2805
2806
2819
2823
2831
2832
2836
2845
2846
2848
2850
2862
2874
2876
2878
2880
2891
2902
2910
2916
2926
2931
2957
2964
2980
2984
2993
2998
2999
3032
3033
3037
3053
3056
3057
3068
3071
3075
3076
3084
3096
3098
3100
3109
3113
3115
3121
3138
3146
3152
3153
3174
3179
3223
3225
3240
3253
3254
3268
3269
3270
3273
3284
3286
3293
3301
3313
3314
3319
3325
3327
3342
3345
3360
3377
3385
3389
3393
3399
3400
3408
3440
3443
3459
3467
3471
3472
3481
3485
3487
3499
3505
3507
3522
3533
3540
3546
3553
3555
3561
3577
3586
3587
3591
3596
3597
3604
3606
3621
3630
3632
3633
3635
3636
3640
3643
3667
3678
3689
3694
3695
3703
3707
3728
3745
3753
3757
3760
3763
3769
3771
3778
3784
3785
3795
3799
3810
3821
3823
3824
3827
3829
3837
3856
3860
3869
3871
3872
3894
3911
3914
3923
3933
3939
3942
3958
3962
3963
3965
3969
3977
3992
3993
4019
4020
4023
4029
4032
4043
4048
4049
4056
4057
4058
4060
4074
4075
4077
4080
4086
4091
4096
4098
4113
4121
4128
4134
4135
4144
4145
4165
4175
4176
4178
4190
4192
4201
4215
4222
4244
4246
4252
4257
4270
4275
4289
4292
4294
4299
4300
4305
4321
4328
4331
4338
4343
4347
4348
4358
4368
4371
4373
4375
4385
4386
4391
4393
4398
4401
4403
4420
4423
4424
4428
4435
4436
4437
4438
4453
4455
4471
4488
4492
4497
4500
4502
4523
4535
4538
4541
4542
4544
4547
4550
4554
4563
4568
4572
4579
4580
4600
4605
4614
4621
4626
4627
4630
4636
4640
4645
4655
4656
4658
4661
4662
4663
4667
4672
4697
4703
4714
4715
4716
4722
4745
4746
4747
4764
4768
4772
4774
4789
4796
4799
4805
4807
4841
4851
4853
4854
4857
4862
4863
4864
4868
4881
4884
4915
4919
4924
4928
4932
4941
4946
4947
4954
4956
4959
4964
4968
4975
4976
4981
4988
4999
5006
5007
5011
5012
5016
5019
5021
5022
5027
5039
5040
5052
5054
5064
5066
5071
5075
5081
5088
5098
5102
5106
5118
5121
5127
5129
5130
5134
5135
5146
5148
5162
5167
5174
5175
5192
5195
5203
5208
5214
5215
5219
5220
5226
5227
5247
5250
5251
5252
5260
5266
5269
5272
5291
5294
5296
5297
5306
5310
5312
5348
5350
5363
5368
5373
5376
5378
5398
5399
5406
5407
5409
5410
5415
5431
5435
5440
5443
5457
5460
5476
5480
5483
5488
5499
5502
5505
5506
5521
5524
5526
5527
5530
5533
5534
5538
5539
5544
5549
5555
5557
5559
5571
5589
5590
5591
5600
5607
5620
5622
5631
5652
5666
5683
5692
5702
5703
5712
5713
5716
5739
5740
5742
5745
5759
5760
5762
5773
5782
5788
5790
5795
5799
5805
5810
5813
5820
5837
5840
5844
5845
5849
5855
5861
5862
5866
5868
5869
5871
5884
5890
5901
5912
5916
5917
5921
5924
5933
5937
5947
5950
5954
5955
5958
5960
5979
5981
5989
5993
5994
5999
6001
6004
6012
6013
6018
6026
6027
6037
6048
6052
6054
6056
6057
6059
6061
6084
6088
6101
6110
6113
6121
6122
6136
6141
6148
6153
6155
6157
6163
6176
6184
6186
6199
6203
6205
6207
6213
6214
6223
6231
6234
6248
6259
6264
6266
6268
6272
6276
6280
6281
6289
6304
6310
6311
6317
6321
6324
6335
6343
6347
6348
6361
6362
6365
6381
6387
6394
6405
6411
6413
6424
6431
6432
6433
6434
6435
6442
6444
6453
6462
6463
6465
6466
6469
6483
6486
6487
6492
6495
6500
6505
6508
6514
6516
6521
6525
6526
6536
6545
6563
6566
6582
6587
6590
6595
6599
6601
6611
6612
6620
6623
6626
6628
6629
6638
6644
6647
6653
6670
6675
6690
6693
6694
6698
6703
6704
6708
6720
6726
6730
6735
6741
6743
6749
6750
6754
6765
6766
6783
6799
6810
6811
6821
6843
6846
6858
6859
6864
6866
6873
6886
6888
6896
6898
6906
6919
6925
6939
6941
6943
6946
6948
6960
6972
6974
6975
6976
6986
6992
6997
7001
7003
7013
7017
7018
7019
7026
7039
7041
7045
7048
7051
7061
7080
7081
7089
7091
7092
7094
7103
7105
7109
7118
7130
7132
7133
7141
7143
7151
7163
7164
7165
7170
7180
7192
7194
7195
7196
7205
7211
7218
7219
7231
7232
7239
7251
7271
7275
7279
7289
7292
7304
7314
7319
7323
7325
7326
7332
7334
7345
7349
7357
7358
7365
7372
7378
7380
7387
7388
7406
7417
7424
7431
7432
7438
7442
7445
7449
7469
7472
7484
7487
7489
7492
7508
7509
7517
7519
7526
7530
7532
7551
7560
7563
7567
7574
7575
7584
7585
7590
7591
7613
7615
7618
7621
7623
7632
7648
7655
7663
7664
7669
7673
7676
7677
7678
7693
7696
7707
7715
7716
7717
7723
7732
7734
7736
7753
7756
7758
7762
7764
7768
7769
7774
7780
7789
7799
7805
7806
7810
7820
7822
7825
7834
7836
7839
7840
7843
7847
7857
7861
7875
7878
7883
7887
7889
7891
7896
7897
7902
7910
7915
7926
7945
7948
7951
7952
7961
7963
7969
7974
7975
7977
7990
7992
8025
8026
8027
8036
8048
8053
8058
8098
8104
8106
8107
8133
8135
8142
8144
8151
8166
8176
8177
8185
8193
8194
8196
8202
8213
8217
8227
8228
8235
8236
8251
8260
8269
8274
8280
8282
8295
8296
8301
8302
8313
8314
8326
8328
8332
8337
8358
8359
8367
8378
8383
8399
8405
8411
8430
8432
8433
8439
8451
8453
8464
8466
8467
8468
8474
8476
8483
8496
8497
8498
8503
8506
8509
8511
8517
8541
8571
8572
8577
8582
8589
8600
8604
8613
8621
8622
8627
8634
8641
8653
8658
8676
8690
8692
8711
8717
8739
8742
8771
8790
8791
8797
8802
8807
8816
8838
8842
8857
8858
8861
8863
8873
8875
8890
8907
8923
8935
8948
8949
8950
8952
8958
8961
8963
8972
8974
8976
8979
8980
8981
8990
9000
9015
9017
9019
9022
9023
9036
9037
9040
9044
9048
9049
9052
9055
9070
9080
9082
9084
9087
9091
9095
9096
9098
9108
9114
9119
9123
9124
9128
9129
9138
9143
9151
9159
9160
9174
9175
9184
9189
9194
9208
9217
9235
9239
9242
9254
9262
9266
9271
9278
9289
9292
9294
9298
9303
9308
9309
9326
9329
9339
9349
9351
9363
9369
9374
9375
9376
9393
9400
9404
9407
9418
9419
9422
9427
9435
9438
9439
9440
9441
9445
9447
9454
9455
9461
9464
9468
9472
9476
9479
9481
9486
9490
9492
9502
9503
9509
9510
9531
9534
9537
9539
9558
9564
9568
9572
9590
9595
9596
9598
9605
9623
9624
9627
9635
9643
9647
9657
9659
9661
9663
9668
9672
9686
9690
9695
9701
9718
9721
9728
9737
9745
9749
9750
9752
9753
9759
9762
9766
9770
9781
9787
9794
9795
9796
9800
9802
9807
9809
9818
9819
9822
9830
9837
9841
9843
9856
9867
9868
9869
9874
9882
9886
9905
9913
9918
9919
9938
9946
9955
9957
9965
9969
9970
9974
9981
9985
10000
10003
10008
10009
10010
10011
10015
10026
10033
10045
10059
10073
10077
10087
10100
10105
10111
10120
10127
10135
10136
10154
10170
10179
10189
10192
10211
10221
10234
10248
10266
10267
10270
10280
10294
10300
10302
10307
10310
10322
10323
10334
10344
10352
10353
10356
10358
10361
10365
10368
10377
10383
10385
10407
10412
10414
10416
10419
10428
10432
10448
10456
10460
10465
10470
10472
10492
10504
10508
10509
10513
10514
10522
10532
10535
10540
10554
10555
10556
10564
10569
10584
10587
10596
10621
10634
10639
10642
10646
10655
10656
10657
10665
10670
10674
10685
10688
10697
10722
10724
10726
10728
10734
10741
10746
10748
10750
10754
10763
10764
10767
10770
10781
10786
10789
10792
10797
10801
10803
10807
10810
10816
10819
10829
10832
10845
10846
10849
10852
10853
10869
10877
10878
10882
10885
10892
10904
10909
10918
10926
10933
10943
10952
10954
10961
10962
10973
10974
10980
10981
11006
11007
11012
11021
11024
11047
11051
11058
11061
11064
11065
11067
11072
11075
11080
11089
11097
11105
11111
11115
11124
11130
11142
11143
11146
11154
11157
11167
11174
11180
11183
11185
11186
11188
11201
11202
11209
11211
11214
11216
11217
11219
11231
11236
11240
11244
11245
11248
11251
11261
11267
11268
11272
11277
11279
11280
11286
11306
11308
11313
11320
11326
11328
11329
11332
11333
11360
11363
11371
11379
11383
11387
11389
11396
11401
11417
11422
11431
11432
11441
11442
11454
11455
11457
11472
11481
11483
11491
11494
11499
11502
11504
11514
11519
11520
11527
11540
14
9
20
22
29
30
76
77
106
134
199
322
335
351
359
