912
12
23
25
27
55
56
63
83
89
90
95
97
102
115
122
125
128
136
142
147
166
168
173
178
180
197
217
223
226
229
242
244
246
249
256
260
273
290
293
296
303
313
316
317
327
333
344
352
357
360
364
372
383
385
390
398
410
414
418
420
426
430
446
452
457
467
476
479
484
493
494
499
501
504
506
512
530
536
543
549
562
567
572
578
582
589
593
594
605
627
637
646
647
649
667
679
694
695
699
700
708
721
732
745
746
748
753
758
761
765
768
771
772
777
778
780
784
788
798
800
801
807
810
825
837
843
845
851
856
861
874
879
882
889
891
907
917
921
932
934
941
942
943
947
971
980
996
1001
1009
1010
1013
1019
1024
1055
1056
1057
1065
1069
1073
1074
1078
1079
1085
1086
1088
1089
1096
1097
1098
1111
1112
1118
1124
1133
1144
1147
1160
1167
1168
1174
1177
1182
1183
1201
1208
1217
1224
1235
1241
1251
1256
1260
1263
1265
1268
1281
1292
1293
1295
1299
1303
1308
1310
1315
1317
1318
1319
1326
1329
1332
1333
1334
1341
1355
1370
1374
1377
1382
1383
1384
1389
1396
1398
1413
1421
1424
1426
1430
1433
1434
1436
1437
1441
1452
1453
1458
1461
1463
1468
1471
1486
1496
1500
1519
1524
1527
1528
1532
1533
1535
1536
1540
1543
1550
1558
1562
1569
1580
1582
1594
1597
1604
1614
1619
1620
1636
1648
1649
1656
1657
1660
1662
1664
1671
1672
1682
1683
1691
1699
1700
1701
1723
1728
1741
1753
1757
1766
1770
1775
1781
1786
1810
1816
1823
1840
1844
1867
1870
1873
1875
1909
1914
1915
1920
1927
1939
1943
1960
1961
1966
1982
1999
2004
2014
2020
2022
2025
2033
2036
2037
2039
2043
2044
2046
2051
2057
2065
2075
2080
2090
2115
2117
2122
2131
2140
2147
2149
2158
2160
2166
2178
2185
2194
2199
2208
2214
2217
2220
2222
2232
2234
2239
2250
2251
2261
2268
2270
2274
2284
2286
2290
2296
2302
2306
2309
2313
2322
2333
2334
2335
2342
2347
2352
2355
2372
2384
2385
2394
2397
2406
2410
2411
2414
2415
2422
2428
2435
2436
2443
2452
2453
2457
2462
2483
2484
2485
2491
2492
2493
2505
2508
2509
2529
2536
2543
2552
2564
2568
2572
2593
2595
2622
2641
2643
2651
2652
2665
2667
2673
2676
2677
2686
2689
2692
2704
2712
2714
2715
2726
2734
2737
2742
2743
2745
2754
2755
2756
2757
2758
2764
2768
2789
2790
2792
2801
2805
2823
2834
2838
2841
2842
2848
2851
2856
2857
2859
2867
2873
2901
2908
2910
2914
2916
2927
2930
2935
2950
2970
2978
2979
2980
2999
3011
3013
3021
3029
3034
3039
3042
3043
3044
3045
3047
3060
3070
3071
3080
3089
3090
3091
3100
3102
3120
3130
3133
3134
3139
3140
3144
3155
3158
3160
3181
3189
3193
3204
3217
3219
3225
3229
3234
3244
3251
3252
3256
3267
3273
3274
3279
3291
3292
3295
3301
3320
3325
3326
3330
3331
3338
3339
3340
3350
3355
3358
3365
3370
3372
3374
3376
3380
3384
3388
3389
3394
3396
3397
3399
3400
3410
3414
3415
3417
3418
3424
3428
3456
3461
3472
3477
3482
3490
3499
3510
3526
3530
3532
3533
3536
3537
3539
3545
3548
3549
3553
3562
3566
3569
3571
3577
3580
3581
3582
3590
3609
3624
3626
3627
3629
3639
3643
3650
3651
3660
3666
3668
3670
3672
3679
3680
3684
3692
3707
3719
3726
3727
3728
3730
3738
3750
3751
3757
3758
3763
3777
3785
3786
3792
3793
3826
3830
3837
3847
3854
3865
3868
3873
3877
3878
3890
3891
3908
3914
3917
3920
3939
3950
3951
3958
3962
3980
3983
3984
3985
3992
3999
4004
4009
4016
4020
4023
4029
4034
4035
4045
4046
4051
4052
4055
4058
4062
4063
4066
4067
4072
4082
4086
4091
4098
4101
4107
4113
4126
4127
4130
4131
4133
4145
4166
4177
4181
4192
4197
4203
4214
4220
4228
4234
4236
4239
4241
4248
4251
4272
4276
4290
4320
4321
4324
4330
4331
4350
4351
4357
4358
4364
4378
4388
4413
4415
4417
4425
4426
4433
4434
4440
4459
4460
4463
4465
4476
4478
4480
4486
4496
4499
4501
4519
4536
4551
4554
4556
4561
4562
4573
4574
4582
4585
4586
4596
4599
4600
4603
4609
4610
4614
4637
4641
4643
4645
4647
4648
4649
4650
4660
4669
4672
4675
4680
4681
4683
4692
4694
4695
4701
4702
4704
4707
4714
4723
4728
4732
4739
4741
4747
4750
4751
4756
4777
4789
4795
4800
4803
4810
4811
4818
4821
4838
4843
4849
4851
4863
4872
4874
4875
4886
4887
4906
4913
4918
4921
4937
4954
4963
4965
4969
4970
4982
4983
4987
4996
5000
5003
5022
5026
5031
5035
5038
5044
5046
5048
5056
5063
5064
5074
5078
5084
5085
5086
5087
5094
5111
5115
5136
5153
5165
5166
5167
5171
5180
5182
5192
5193
5194
5197
5206
5207
5210
5214
5216
5222
5235
5238
5242
5248
5250
5253
5267
5279
5291
5303
5309
5311
5320
5323
5332
5334
5335
5338
5343
5357
5359
5365
5370
5382
5385
5389
5391
5400
5401
5429
5431
5438
5440
5441
5447
5453
5458
5468
5477
5478
5484
5494
5496
5500
5505
5515
5524
5534
5536
5538
5542
5546
5553
5555
5556
5561
5566
5569
5572
5574
5576
5578
14
26
57
76
77
86
92
100
122
161
203
240
251
323
350
