399
16
52
69
80
135
139
153
167
188
228
250
270
294
298
299
315
316
338
343
360
364
370
410
413
415
426
480
497
501
535
536
551
584
595
648
674
717
719
723
735
740
744
749
780
799
809
823
824
858
866
870
881
895
897
901
915
953
961
983
1015
1020
1028
1029
1032
1053
1075
1086
1094
1112
1167
1178
1198
1201
1204
1211
1230
1255
1275
1282
1290
1296
1306
1315
1331
1372
1380
1422
1429
1503
1528
1535
1573
1584
1597
1602
1616
1648
1654
1677
1720
1727
1744
1745
1768
1804
1807
1822
1839
1856
1875
1880
1903
1923
1986
2076
2093
2105
2122
2137
2144
2156
2180
2184
2201
2225
2245
2271
2285
2323
2324
2349
2362
2417
2418
2458
2474
2490
2564
2572
2576
2595
2599
2624
2636
2648
2656
2681
2698
2701
2707
2788
2791
2801
2820
2871
2897
2938
2970
2986
3067
3082
3109
3131
3137
3170
3189
3201
3223
3226
3240
3268
3308
3322
3375
3410
3488
3495
3505
3562
3567
3593
3603
3612
3615
3622
3632
3634
3650
3658
3695
3702
3703
3713
3727
3760
3772
3775
3791
3794
3814
3818
3821
3831
3839
3856
3869
3877
3905
3935
3937
3960
3961
3970
3980
4004
4009
4036
4090
4094
4106
4107
4112
4176
4181
4207
4231
4237
4254
4269
4304
4305
4321
4336
4338
4349
4359
4360
4365
4374
4403
4405
4427
4439
4484
4487
4489
4492
4515
4521
4525
4529
4554
4564
4573
4608
4612
4615
4618
4623
4627
4636
4649
4665
4669
4673
4717
4722
4740
4742
4801
4824
4838
4863
4869
4873
4876
4906
4912
4932
4969
4970
4987
5004
5025
5027
5056
5105
5147
5155
5163
5169
5195
5205
5239
5289
5329
5340
5389
5390
5423
5424
5451
5453
5463
5489
5525
5532
5548
5594
5606
5623
5625
5670
5682
5748
5772
5777
5778
5837
5857
5859
5867
5890
5904
5906
5926
5945
5953
5955
6048
6058
6059
6074
6138
6147
6149
6173
6210
6241
6262
6316
6348
6366
6406
6430
6456
6462
6477
6489
6511
6530
6537
6540
6558
6571
6591
6652
6663
6673
6686
6706
6725
6731
6739
6753
6778
6801
6817
6837
6842
6904
6941
6950
6976
6991
7004
7013
7057
7062
7101
7138
7141
7168
7171
7178
7179
7185
7188
7189
7215
7248
7288
7289
7296
7314
7327
7330
7350
7355
3
10
353
386
