398
9
16
30
57
68
83
93
98
105
119
120
122
124
125
133
135
140
142
143
146
162
170
171
175
181
190
195
198
217
225
230
234
238
239
245
248
263
267
268
291
311
317
330
337
341
352
359
363
367
376
378
385
388
397
429
432
434
441
446
450
453
455
459
460
461
465
468
472
477
483
488
499
514
519
535
539
552
554
559
564
572
577
583
594
596
613
625
626
629
638
647
652
655
656
661
662
668
673
674
675
684
692
694
708
713
714
731
740
744
745
749
753
764
777
786
787
799
802
813
819
823
824
825
853
855
864
867
876
877
884
888
904
910
920
928
940
953
957
968
970
975
984
986
990
996
997
998
1001
1002
1007
1027
1028
1034
1036
1043
1056
1062
1063
1088
1089
1093
1096
1102
1107
1109
1112
1113
1121
1134
1137
1139
1143
1146
1147
1149
1153
1159
1163
1164
1177
1178
1189
1190
1206
1207
1208
1220
1225
1226
1246
1253
1254
1278
1294
1306
1314
1320
1322
1331
1335
1343
1346
1356
1357
1374
1377
1396
1399
1400
1411
1414
1421
1434
1435
1445
1448
1449
1460
1461
1466
1474
1484
1485
1494
1499
1500
1502
1505
1513
1517
1521
1528
1562
1564
1582
1584
1585
1589
1592
1596
1602
1613
1622
1627
1643
1649
1663
1669
1677
1681
1691
1695
1696
1712
1714
1717
1718
1728
1729
1732
1733
1736
1739
1743
1765
1767
1773
1783
1788
1794
1797
1810
1818
1825
1828
1832
1834
1842
1843
1844
1849
1855
1860
1867
1868
1869
1877
1887
1892
1928
1929
1939
1959
1963
1964
1965
1988
1992
1993
1994
2001
2007
2012
2039
2049
2051
2059
2066
2070
2071
2079
2094
2095
2108
2115
2117
2120
2124
2129
2137
2145
2151
2176
2185
2197
2201
2205
2207
2214
2218
2227
2230
2231
2235
2255
2271
2275
2276
2282
2287
2290
2294
2303
2309
2313
2317
2319
2328
2332
2333
2335
2338
2339
2343
2349
2351
2361
2365
2366
2369
2372
2373
2379
2381
2386
2394
2395
2399
2403
2412
2416
2436
2447
2455
2465
2470
2485
2488
2489
2490
2494
2500
2507
2510
2512
2513
2520
2521
2522
2529
2543
2550
2561
2569
2586
2588
2589
2603
8
5
23
57
81
96
122
131
146
