1803
1
11
15
34
48
49
53
56
61
75
81
92
102
106
108
117
119
123
125
136
137
143
149
154
157
196
210
228
232
241
249
251
257
274
294
298
310
321
330
333
334
335
364
366
370
373
379
383
385
387
388
397
405
410
415
417
422
423
428
429
430
434
464
468
469
480
489
492
497
518
533
540
542
557
562
571
576
579
580
586
596
616
621
624
633
651
656
671
674
686
687
692
694
697
698
733
752
770
772
774
778
782
784
787
791
793
798
803
804
813
832
854
859
866
878
888
897
900
907
908
915
928
931
934
935
938
945
952
962
963
965
968
972
977
984
985
1018
1022
1028
1037
1045
1049
1051
1062
1064
1073
1081
1092
1096
1098
1100
1103
1109
1110
1113
1118
1121
1124
1137
1153
1155
1160
1167
1182
1186
1227
1239
1248
1249
1253
1257
1277
1286
1299
1307
1311
1320
1321
1324
1334
1335
1348
1353
1375
1384
1387
1390
1394
1405
1407
1410
1411
1414
1425
1432
1435
1443
1445
1448
1450
1457
1470
1473
1497
1502
1508
1515
1520
1536
1547
1570
1573
1579
1584
1594
1596
1597
1606
1617
1618
1620
1654
1658
1659
1678
1681
1689
1698
1701
1702
1703
1705
1706
1715
1720
1722
1723
1730
1735
1743
1749
1760
1774
1775
1786
1796
1801
1816
1818
1844
1845
1856
1862
1873
1889
1900
1901
1906
1916
1924
1957
1963
1965
1966
1976
1981
1990
1993
2012
2016
2018
2029
2034
2060
2084
2100
2103
2111
2113
2131
2133
2142
2143
2158
2160
2162
2163
2169
2171
2173
2177
2191
2192
2194
2196
2203
2206
2220
2233
2238
2241
2252
2259
2272
2275
2276
2279
2292
2296
2299
2304
2315
2320
2324
2331
2333
2335
2336
2342
2344
2359
2363
2365
2367
2369
2375
2381
2401
2406
2407
2410
2417
2427
2441
2442
2447
2452
2459
2461
2463
2468
2469
2482
2484
2486
2497
2501
2502
2509
2518
2522
2531
2532
2535
2536
2543
2551
2552
2559
2560
2562
2577
2599
2609
2637
2656
2665
2670
2676
2678
2687
2708
2709
2715
2721
2722
2729
2733
2737
2742
2756
2758
2764
2772
2773
2784
2787
2789
2792
2798
2801
2826
2828
2831
2834
2841
2844
2845
2863
2867
2874
2886
2894
2895
2899
2900
2902
2908
2925
2930
2935
2936
2938
2942
2947
2948
2955
2967
2984
2987
2993
2997
2999
3007
3023
3030
3037
3046
3052
3056
3071
3076
3077
3097
3106
3111
3119
3120
3122
3125
3131
3139
3144
3153
3154
3155
3162
3166
3171
3186
3208
3212
3220
3225
3228
3231
3237
3240
3241
3242
3249
3257
3261
3262
3274
3275
3287
3288
3295
3297
3304
3307
3310
3311
3315
3320
3323
3326
3329
3335
3351
3362
3400
3403
3406
3411
3422
3426
3430
3432
3433
3435
3437
3442
3456
3459
3461
3465
3467
3468
3471
3478
3482
3491
3496
3510
3526
3537
3538
3542
3548
3555
3566
3570
3578
3589
3592
3608
3617
3620
3640
3660
3662
3701
3703
3707
3709
3713
3714
3715
3720
3722
3730
3731
3752
3753
3755
3756
3763
3766
3768
3773
3776
3781
3787
3790
3791
3793
3794
3810
3823
3829
3841
3855
3878
3884
3885
3891
3901
3919
3926
3929
3932
3934
3939
3941
3942
3946
3950
3954
3960
3962
3963
3983
4010
4029
4040
4042
4078
4080
4084
4096
4099
4117
4118
4122
4129
4131
4132
4139
4147
4158
4164
4173
4174
4178
4184
4203
4212
4235
4238
4240
4241
4242
4243
4244
4245
4269
4283
4289
4296
4297
4302
4328
4331
4358
4364
4365
4366
4369
4384
4386
4396
4401
4405
4410
4416
4419
4427
4429
4432
4445
4463
4465
4483
4494
4522
4528
4539
4545
4546
4566
4571
4572
4575
4581
4586
4594
4600
4606
4616
4640
4645
4651
4652
4661
4672
4673
4675
4687
4694
4698
4699
4702
4704
4719
4722
4724
4729
4730
4731
4732
4753
4774
4775
4795
4807
4818
4821
4857
4858
4861
4862
4866
4867
4881
4883
4889
4909
4917
4937
4957
4962
4965
4978
4988
4998
5002
5005
5010
5027
5028
5033
5043
5044
5046
5049
5051
5054
5064
5075
5079
5081
5089
5099
5108
5112
5123
5128
5131
5138
5141
5144
5145
5152
5162
5172
5178
5179
5181
5185
5188
5189
5200
5201
5203
5213
5229
5231
5259
5265
5267
5274
5296
5302
5305
5307
5309
5310
5314
5327
5335
5336
5337
5346
5350
5355
5358
5365
5380
5381
5386
5389
5390
5413
5414
5416
5423
5428
5433
5434
5438
5441
5444
5447
5452
5457
5458
5471
5472
5474
5501
5502
5504
5508
5509
5514
5519
5526
5529
5531
5543
5551
5560
5570
5576
5584
5586
5595
5608
5634
5636
5638
5651
5660
5666
5668
5671
5678
5691
5695
5698
5699
5724
5733
5735
5738
5748
5754
5757
5759
5786
5788
5792
5795
5800
5815
5821
5822
5837
5843
5845
5847
5850
5852
5859
5860
5862
5869
5874
5879
5880
5883
5885
5891
5901
5912
5915
5920
5921
5923
5924
5926
5931
5935
5938
5952
5957
5961
5963
5964
5966
5969
5970
5977
5985
5987
5988
6009
6022
6025
6026
6043
6047
6049
6055
6064
6067
6073
6080
6097
6102
6106
6107
6121
6127
6137
6164
6185
6192
6194
6203
6212
6218
6239
6241
6242
6245
6249
6257
6262
6264
6293
6300
6311
6317
6341
6343
6344
6349
6350
6351
6354
6360
6370
6372
6376
6377
6392
6393
6398
6405
6415
6420
6421
6424
6427
6431
6432
6444
6445
6457
6469
6479
6483
6488
6489
6493
6510
6515
6517
6534
6536
6538
6547
6550
6558
6566
6577
6578
6580
6597
6602
6612
6619
6624
6627
6630
6631
6646
6655
6659
6676
6683
6688
6689
6692
6703
6704
6708
6715
6722
6731
6733
6736
6760
6763
6770
6772
6773
6791
6793
6795
6798
6805
6814
6815
6816
6821
6833
6837
6849
6857
6864
6884
6887
6890
6894
6898
6902
6915
6917
6918
6921
6923
6932
6939
6940
6941
6945
6948
6955
6962
6968
6981
6984
6989
6991
6993
6994
6997
7007
7010
7019
7021
7022
7024
7033
7043
7045
7048
7050
7053
7060
7069
7073
7088
7089
7103
7107
7126
7140
7144
7155
7174
7182
7183
7188
7190
7194
7199
7206
7211
7215
7221
7224
7238
7256
7257
7269
7279
7281
7292
7302
7305
7320
7336
7345
7346
7350
7352
7356
7357
7362
7365
7371
7373
7374
7391
7405
7408
7409
7431
7439
7444
7445
7449
7466
7467
7477
7480
7482
7487
7489
7497
7502
7503
7526
7527
7546
7552
7553
7562
7564
7565
7574
7584
7595
7607
7609
7610
7616
7617
7621
7625
7631
7632
7633
7634
7638
7639
7642
7652
7653
7655
7662
7668
7680
7681
7685
7699
7703
7716
7720
7722
7728
7732
7742
7789
7793
7794
7798
7833
7848
7868
7877
7880
7885
7887
7916
7933
7948
7960
7963
7970
7973
7993
7994
8005
8017
8018
8023
8030
8034
8043
8060
8067
8068
8081
8085
8090
8095
8110
8114
8115
8136
8140
8142
8147
8153
8155
8163
8167
8183
8190
8192
8193
8194
8204
8217
8220
8221
8226
8227
8229
8238
8241
8257
8269
8280
8283
8291
8302
8313
8315
8320
8322
8323
8347
8350
8385
8390
8391
8395
8411
8422
8439
8448
8449
8450
8452
8459
8460
8471
8473
8485
8489
8507
8510
8514
8524
8527
8528
8532
8541
8550
8560
8564
8567
8575
8577
8578
8581
8585
8586
8591
8595
8597
8598
8599
8601
8613
8627
8629
8630
8634
8636
8662
8664
8673
8692
8695
8700
8715
8722
8725
8730
8734
8737
8744
8745
8755
8767
8768
8805
8815
8819
8832
8849
8854
8887
8892
8905
8915
8918
8921
8930
8935
8945
8948
8952
8954
8956
8963
8966
8967
8976
8980
8981
8982
8987
8996
9004
9009
9012
9017
9025
9028
9029
9035
9036
9037
9041
9045
9046
9057
9058
9064
9072
9075
9079
9092
9094
9095
9096
9098
9119
9122
9129
9131
9135
9137
9139
9148
9152
9162
9164
9165
9171
9178
9183
9186
9189
9190
9195
9200
9203
9206
9210
9218
9225
9228
9250
9255
9262
9268
9277
9287
9289
9290
9294
9295
9296
9297
9319
9327
9330
9334
9337
9364
9366
9385
9388
9390
9391
9395
9398
9399
9404
9406
9410
9412
9421
9428
9449
9454
9470
9478
9490
9497
9499
9505
9516
9519
9526
9528
9542
9550
9552
9555
9556
9559
9563
9564
9587
9593
9605
9608
9610
9611
9618
9623
9628
9636
9639
9646
9661
9662
9672
9674
9691
9720
9724
9729
9730
9731
9740
9749
9753
9760
9777
9789
9792
9795
9807
9808
9817
9818
9823
9835
9843
9852
9865
9873
9875
9878
9880
9881
9887
9910
9912
9915
9919
9922
9930
9935
9936
9942
9945
9952
9955
9958
9966
9968
9986
9996
10010
10012
10021
10023
10026
10046
10059
10081
10083
10101
10103
10105
10106
10109
10118
10119
10126
10130
10137
10142
10152
10160
10162
10171
10172
10178
10184
10185
10189
10213
10225
10231
10245
10247
10250
10255
10272
10293
10310
10311
10328
10335
10343
10349
10357
10359
10361
10366
10368
10379
10384
10385
10399
10411
10418
10427
10433
10434
10435
10448
10449
10450
10458
10487
10489
10507
10510
10517
10524
10532
10538
10547
10549
10550
10553
10554
10555
10557
10567
10568
10572
10574
10602
10606
10608
10610
10626
10637
10646
10648
10653
10656
10658
10661
10667
10674
10683
10686
10701
10721
10725
10727
10733
10734
10736
10739
10740
10743
10745
10747
10752
10782
10784
10789
10793
10802
10813
10817
10829
10832
10837
10844
10856
10892
10897
10901
10934
10948
10949
10952
10957
10967
10970
10978
10983
10989
11004
11006
11009
11018
11021
11044
11046
11051
11052
11054
11062
11071
11076
11078
11083
11090
11094
11104
11124
11134
11136
11143
11151
11160
11164
11166
11192
11203
11205
11207
11211
11220
11223
11229
11234
11236
11244
11256
11259
11274
11276
11277
11279
11282
11284
11285
11293
11304
11307
11314
11344
11350
11364
11371
11372
11386
11389
11397
11400
11412
11438
11442
11450
11460
11467
11468
11469
11476
11478
11486
11506
11509
11512
11515
11530
11542
11546
11554
11555
11564
11569
11571
11577
11580
11582
11587
11598
11600
11607
11616
11632
11653
11657
11672
11690
11691
11693
11707
11716
11723
11729
11730
11731
11738
11740
11744
11746
11748
11749
11760
11775
11776
11777
11778
11792
11801
11814
11816
11819
11841
11847
11848
11853
11857
11860
11871
11875
11877
11890
11929
11931
11946
11948
11955
11956
11960
11974
11983
11994
12010
12016
12037
12040
12044
12060
12079
12083
12085
12088
12095
12100
12101
12104
12114
12116
12128
12133
12135
12138
12142
12147
12153
12154
12170
12176
12178
12192
12197
12200
12213
12218
12221
12224
12232
12246
12250
12256
12257
12262
12265
12269
12278
12281
12307
12309
12322
12326
12331
12333
12338
12346
12348
12362
12368
12369
12374
12376
12377
12378
12379
12386
11
2
11
53
69
76
98
140
338
367
392
398
