1205
0
1
23
24
31
32
34
37
71
78
86
110
119
148
149
150
153
162
167
171
177
183
185
187
192
194
223
249
254
261
265
269
279
290
293
297
309
312
326
360
385
392
396
416
422
427
436
450
464
467
468
479
480
486
487
493
496
497
514
516
519
525
537
554
566
570
587
588
596
600
603
605
609
613
616
617
623
631
632
633
634
635
640
645
661
675
676
682
683
688
699
701
718
726
729
744
748
752
761
764
766
771
785
788
804
822
827
833
839
844
846
848
854
868
881
904
905
909
912
916
917
924
959
964
972
988
989
992
993
1005
1017
1018
1026
1029
1041
1051
1052
1056
1067
1074
1081
1086
1097
1102
1117
1129
1135
1146
1152
1153
1161
1170
1172
1174
1175
1176
1190
1191
1193
1195
1214
1221
1239
1241
1244
1245
1249
1261
1269
1272
1278
1280
1281
1284
1291
1295
1299
1303
1311
1327
1330
1342
1353
1355
1360
1377
1384
1389
1398
1407
1411
1414
1417
1418
1438
1443
1452
1453
1455
1470
1473
1478
1483
1496
1503
1505
1510
1511
1516
1525
1533
1536
1549
1550
1551
1553
1556
1577
1579
1584
1585
1587
1600
1603
1604
1613
1614
1615
1619
1651
1660
1672
1679
1680
1684
1695
1697
1704
1709
1710
1728
1730
1738
1743
1747
1751
1755
1765
1769
1773
1778
1789
1791
1803
1809
1811
1813
1819
1820
1831
1835
1836
1842
1845
1856
1858
1862
1864
1871
1878
1885
1888
1919
1934
1940
1944
1946
1947
1952
1959
1963
1965
1966
1970
1973
1987
1993
1994
1997
2003
2009
2014
2024
2028
2031
2032
2039
2046
2057
2058
2063
2064
2066
2074
2075
2085
2087
2103
2104
2111
2115
2123
2124
2126
2129
2132
2133
2137
2145
2154
2157
2159
2167
2168
2190
2197
2199
2205
2208
2210
2211
2215
2219
2221
2225
2227
2252
2255
2263
2264
2282
2285
2295
2296
2299
2307
2309
2311
2322
2323
2331
2332
2346
2357
2363
2373
2383
2385
2387
2389
2392
2394
2395
2399
2402
2406
2412
2413
2419
2422
2443
2444
2448
2452
2456
2468
2469
2483
2485
2489
2492
2503
2505
2521
2524
2532
2544
2549
2559
2576
2588
2607
2608
2609
2611
2613
2615
2617
2625
2634
2635
2641
2652
2654
2662
2674
2676
2679
2680
2690
2721
2755
2771
2773
2774
2781
2789
2793
2799
2807
2811
2816
2817
2819
2832
2843
2844
2845
2850
2861
2878
2884
2886
2896
2903
2910
2916
2917
2919
2922
2960
2992
2993
2996
3002
3021
3023
3039
3042
3053
3058
3063
3071
3084
3095
3108
3115
3121
3126
3128
3130
3133
3142
3144
3164
3179
3182
3199
3204
3220
3223
3225
3228
3233
3243
3247
3259
3263
3278
3284
3285
3286
3290
3319
3331
3332
3345
3371
3376
3383
3385
3410
3423
3427
3430
3447
3452
3462
3464
3470
3472
3474
3497
3501
3504
3518
3519
3526
3531
3544
3560
3563
3576
3586
3602
3606
3619
3628
3647
3663
3665
3666
3672
3689
3690
3699
3702
3703
3717
3720
3722
3730
3731
3734
3738
3743
3755
3767
3771
3781
3782
3785
3786
3788
3799
3804
3808
3811
3813
3817
3831
3835
3837
3849
3858
3863
3865
3870
3882
3887
3889
3890
3901
3910
3917
3923
3925
3931
3933
3937
3940
3944
3945
3957
3958
3963
3973
3975
3976
3982
3984
3989
3991
3999
4005
4006
4010
4022
4027
4031
4049
4053
4054
4061
4062
4063
4065
4072
4079
4082
4095
4100
4109
4110
4112
4128
4134
4146
4165
4167
4172
4176
4188
4194
4198
4209
4212
4213
4215
4217
4223
4232
4241
4252
4254
4255
4272
4282
4288
4296
4297
4301
4317
4341
4348
4361
4369
4373
4393
4415
4428
4432
4436
4458
4468
4473
4481
4482
4483
4486
4492
4495
4504
4505
4509
4510
4511
4516
4523
4525
4528
4535
4546
4551
4560
4569
4571
4575
4581
4585
4608
4609
4611
4614
4625
4630
4633
4635
4637
4647
4665
4668
4669
4682
4686
4689
4694
4698
4716
4727
4731
4741
4744
4750
4751
4755
4759
4761
4764
4765
4767
4789
4791
4804
4805
4807
4808
4825
4833
4836
4853
4855
4882
4885
4889
4892
4894
4921
4927
4928
4929
4935
4938
4957
4958
4964
4965
4969
4970
4977
4985
4993
4996
5011
5046
5049
5050
5059
5066
5076
5078
5081
5087
5093
5097
5098
5103
5134
5141
5150
5154
5159
5160
5191
5204
5207
5211
5231
5238
5245
5261
5264
5265
5300
5306
5319
5320
5323
5332
5348
5351
5356
5365
5375
5392
5400
5402
5404
5409
5413
5414
5419
5448
5453
5457
5462
5466
5491
5492
5505
5516
5519
5520
5521
5524
5548
5549
5568
5575
5576
5578
5585
5612
5615
5622
5626
5630
5631
5641
5655
5661
5668
5692
5697
5710
5713
5719
5728
5733
5743
5747
5752
5753
5754
5758
5760
5773
5774
5775
5786
5787
5789
5809
5812
5813
5819
5826
5834
5839
5856
5860
5864
5867
5878
5887
5900
5916
5917
5930
5934
5935
5937
5941
5944
5948
5956
5972
5977
5978
5986
6011
6028
6038
6041
6048
6057
6058
6062
6070
6078
6089
6103
6104
6112
6113
6119
6121
6140
6142
6160
6177
6180
6191
6193
6194
6199
6200
6204
6209
6218
6222
6227
6232
6244
6245
6257
6259
6262
6277
6293
6317
6330
6337
6349
6358
6363
6378
6390
6398
6400
6402
6411
6412
6422
6436
6440
6449
6451
6455
6458
6463
6464
6467
6475
6490
6495
6500
6502
6520
6522
6536
6540
6546
6572
6580
6595
6621
6627
6629
6633
6635
6659
6666
6672
6676
6679
6686
6700
6701
6706
6726
6727
6728
6731
6737
6743
6745
6750
6752
6755
6757
6762
6771
6780
6783
6784
6790
6805
6811
6821
6830
6831
6849
6853
6865
6870
6875
6879
6883
6907
6909
6919
6925
6928
6929
6930
6931
6934
6941
6951
6953
6962
6965
6967
6976
6984
6991
7005
7009
7010
7026
7028
7048
7058
7060
7061
7078
7091
7102
7109
7116
7125
7134
7135
7156
7157
7171
7173
7175
7181
7182
7184
7186
7190
7199
7201
7208
7210
7212
7213
7219
7222
7228
7229
7233
7237
7252
7257
7262
7265
7268
7284
7286
7299
7303
7318
7319
7321
7322
7323
7334
7336
7338
7344
7361
7368
7378
7380
7381
7382
7389
7392
7397
7406
7407
7409
7414
7416
7422
7429
7430
7439
7453
7457
7461
7463
7475
7479
7489
7508
7510
7516
7522
7538
7564
7571
7576
7577
7583
7590
7593
7602
7603
7609
7612
7614
7617
7621
7630
7633
7634
7644
7651
7659
7663
7670
7677
7678
7684
7689
7697
7699
7700
7704
7713
7719
7723
7729
7741
7742
7746
7753
7771
7773
7774
7777
7798
7806
7814
7839
7841
7844
7846
7847
7855
7883
7901
7916
7917
7922
7925
7927
7930
7931
7935
7943
7944
7946
7952
7959
7960
7973
7996
8001
8002
8012
8020
8031
8036
8041
8042
8043
8044
8056
8057
8059
8062
8076
8088
8106
8107
8109
8110
8118
8139
8141
8152
8165
8173
8177
8179
8184
8185
8193
8202
8206
8207
8210
8223
8227
8228
8239
8242
8252
8254
8257
8261
8264
8272
8282
8294
8297
8302
8305
8316
4
1
22
115
175
