508
5
14
15
16
17
18
19
21
23
35
38
45
50
52
55
60
61
62
63
65
69
71
73
75
76
80
84
88
92
94
95
99
101
103
107
108
110
112
114
133
143
147
159
162
167
172
175
191
194
198
215
225
227
237
239
243
265
267
275
281
283
291
293
297
299
307
309
311
318
321
326
334
335
337
338
344
359
362
364
368
375
377
380
381
388
389
398
400
403
405
409
410
413
417
424
425
432
433
435
436
437
445
455
462
465
476
477
484
487
497
503
506
508
510
516
520
523
525
535
542
544
547
548
558
559
576
595
607
610
612
614
633
637
640
642
653
664
665
684
685
686
689
696
705
706
708
710
720
724
729
732
738
739
760
763
765
768
782
783
785
787
791
823
827
834
840
841
843
847
856
859
864
866
868
871
873
875
884
896
905
912
917
921
922
930
934
940
946
949
950
952
960
962
964
966
988
992
999
1002
1006
1015
1016
1020
1032
1033
1040
1045
1052
1064
1071
1077
1079
1080
1092
1102
1103
1122
1133
1135
1155
1159
1165
1170
1171
1182
1184
1188
1189
1198
1204
1215
1220
1226
1231
1235
1237
1240
1248
1253
1266
1274
1278
1282
1297
1303
1304
1306
1311
1314
1322
1325
1342
1343
1346
1358
1359
1367
1369
1370
1371
1374
1379
1382
1385
1387
1392
1399
1405
1406
1407
1411
1416
1418
1420
1421
1422
1446
1448
1453
1457
1461
1472
1479
1480
1481
1501
1510
1513
1515
1527
1529
1532
1537
1541
1542
1543
1544
1546
1549
1561
1562
1563
1574
1579
1590
1593
1605
1609
1621
1631
1639
1641
1645
1655
1656
1660
1667
1676
1677
1687
1688
1690
1699
1700
1708
1712
1717
1727
1733
1735
1736
1738
1751
1752
1760
1761
1768
1777
1778
1787
1788
1794
1817
1819
1822
1824
1828
1830
1840
1850
1859
1863
1867
1885
1892
1915
1923
1925
1926
1928
1935
1939
1941
1950
1952
1955
1959
1971
1973
1994
1996
1997
2004
2008
2015
2017
2026
2031
2038
2039
2045
2054
2066
2071
2081
2083
2086
2093
2095
2103
2114
2116
2125
2126
2130
2131
2146
2149
2151
2152
2154
2155
2160
2165
2168
2169
2170
2172
2176
2178
2188
2190
2193
2195
2198
2204
2207
2221
2223
2224
2233
2235
2237
2246
2247
2259
2263
2265
2266
2292
2302
2304
2319
2321
2328
2329
2334
2338
2343
2349
2354
2360
2373
2383
2390
2391
2392
2396
2401
2413
2416
2418
2423
2425
2426
2433
2436
2437
2444
2446
2447
2449
2453
2456
2457
2460
2462
2470
2472
2474
2485
2489
2510
2515
2517
2518
2520
2525
2533
2538
2545
2549
2559
2563
2570
2571
2573
2578
2580
2583
2586
2588
2593
2601
2604
2610
2611
2621
2626
2634
2636
2639
2642
2654
2658
2664
2669
2673
5
21
33
37
55
78
