1311
2
6
10
22
25
27
39
40
49
54
64
66
71
81
89
93
94
96
102
103
108
110
135
137
140
146
153
158
175
176
181
185
190
194
198
201
204
206
210
213
219
222
228
232
233
243
244
246
248
254
261
269
274
281
298
299
303
305
308
315
329
333
338
353
356
357
365
377
383
391
394
406
411
414
420
422
431
432
439
443
448
468
470
475
479
487
503
504
508
522
533
541
550
552
554
556
573
581
584
595
617
618
619
624
629
637
639
644
645
647
655
660
669
672
674
708
710
712
714
715
724
731
733
741
745
767
774
775
776
784
795
809
824
825
829
835
836
838
842
847
854
855
859
864
866
874
876
883
894
895
897
910
915
928
931
932
934
937
938
939
942
955
959
961
963
965
966
970
977
979
986
988
999
1007
1009
1022
1036
1046
1060
1062
1064
1076
1097
1102
1104
1108
1110
1112
1114
1119
1120
1152
1164
1170
1173
1183
1184
1186
1191
1192
1195
1198
1214
1216
1222
1224
1226
1228
1229
1231
1234
1252
1254
1256
1269
1273
1275
1276
1286
1293
1297
1306
1316
1318
1325
1333
1334
1336
1338
1345
1352
1357
1377
1399
1403
1426
1437
1440
1452
1454
1462
1474
1476
1480
1481
1488
1493
1502
1503
1507
1524
1525
1527
1537
1541
1550
1552
1553
1571
1574
1580
1591
1598
1603
1609
1618
1625
1626
1629
1644
1657
1658
1661
1672
1684
1690
1699
1700
1701
1712
1713
1715
1716
1717
1719
1722
1723
1736
1753
1757
1759
1761
1766
1780
1785
1786
1789
1797
1803
1811
1818
1819
1833
1835
1839
1840
1841
1848
1854
1886
1894
1895
1915
1917
1920
1925
1930
1938
1962
1964
1966
1971
1987
1993
1995
1996
1997
2001
2006
2015
2016
2019
2030
2034
2036
2042
2046
2061
2062
2070
2079
2092
2094
2137
2142
2149
2156
2162
2168
2170
2187
2202
2203
2233
2235
2239
2246
2249
2251
2254
2257
2267
2280
2298
2300
2302
2309
2316
2320
2324
2329
2335
2344
2345
2351
2353
2354
2357
2372
2387
2400
2404
2405
2427
2449
2453
2455
2456
2461
2462
2464
2470
2471
2472
2478
2482
2484
2487
2510
2512
2524
2529
2538
2546
2547
2549
2556
2563
2570
2573
2576
2582
2587
2596
2597
2603
2618
2619
2630
2634
2638
2642
2647
2648
2649
2662
2663
2672
2678
2682
2684
2693
2703
2714
2720
2721
2726
2740
2741
2747
2753
2760
2762
2763
2770
2783
2786
2793
2801
2803
2804
2805
2808
2822
2829
2841
2847
2853
2866
2867
2870
2875
2879
2895
2898
2901
2905
2906
2907
2911
2913
2934
2944
2953
2954
2955
2958
2959
2961
2971
2985
2987
2993
3000
3007
3008
3010
3016
3019
3027
3067
3068
3070
3081
3094
3095
3099
3101
3111
3127
3140
3143
3150
3152
3156
3174
3175
3177
3184
3189
3191
3200
3204
3210
3216
3217
3221
3224
3230
3253
3254
3256
3263
3269
3280
3281
3285
3311
3322
3329
3331
3333
3335
3340
3357
3362
3366
3367
3369
3378
3397
3438
3445
3450
3451
3462
3467
3470
3479
3485
3488
3492
3497
3498
3505
3507
3509
3512
3521
3541
3545
3547
3553
3555
3558
3559
3566
3568
3578
3610
3615
3623
3629
3631
3637
3644
3645
3649
3651
3667
3674
3678
3679
3684
3690
3692
3709
3716
3717
3741
3742
3745
3755
3768
3779
3790
3791
3794
3801
3808
3817
3832
3836
3844
3848
3849
3850
3854
3856
3859
3861
3867
3868
3871
3874
3881
3894
3895
3898
3903
3909
3910
3924
3927
3929
3947
3950
3952
3972
3982
3983
3997
4002
4006
4020
4033
4051
4052
4054
4064
4065
4076
4085
4094
4100
4102
4111
4117
4122
4125
4133
4140
4144
4145
4154
4164
4167
4168
4176
4178
4180
4183
4191
4198
4206
4209
4211
4216
4220
4221
4225
4226
4236
4240
4251
4258
4264
4271
4278
4281
4294
4296
4321
4335
4341
4345
4352
4353
4367
4377
4384
4385
4386
4396
4402
4404
4410
4428
4430
4431
4432
4442
4456
4477
4481
4485
4495
4497
4499
4507
4510
4529
4532
4534
4536
4548
4557
4559
4560
4580
4589
4613
4622
4628
4630
4637
4649
4666
4669
4675
4685
4689
4690
4693
4713
4724
4725
4739
4747
4751
4752
4754
4755
4759
4770
4776
4783
4787
4789
4803
4805
4814
4821
4828
4833
4840
4851
4857
4859
4866
4882
4891
4893
4902
4920
4922
4923
4924
4925
4931
4937
4942
4945
4947
4966
4967
4983
4986
4989
4990
5002
5004
5010
5017
5022
5038
5041
5049
5054
5066
5067
5068
5073
5074
5077
5087
5088
5089
5102
5104
5113
5118
5123
5138
5140
5143
5144
5165
5175
5177
5184
5186
5188
5189
5204
5211
5212
5215
5221
5226
5229
5231
5235
5239
5241
5246
5261
5264
5267
5268
5272
5276
5280
5284
5293
5297
5309
5310
5320
5323
5327
5334
5343
5345
5355
5364
5371
5372
5374
5376
5385
5417
5419
5425
5426
5445
5454
5464
5467
5469
5495
5496
5514
5516
5519
5531
5534
5536
5537
5538
5560
5564
5580
5587
5599
5605
5606
5609
5612
5614
5616
5618
5625
5628
5633
5635
5642
5648
5653
5655
5661
5668
5670
5671
5677
5690
5704
5705
5709
5725
5726
5736
5739
5740
5744
5745
5748
5763
5766
5767
5768
5777
5779
5800
5808
5812
5816
5822
5823
5837
5845
5846
5848
5853
5856
5859
5861
5884
5885
5886
5898
5917
5922
5926
5930
5940
5945
5947
5961
5967
5970
5971
5978
5986
6000
6001
6009
6018
6024
6029
6036
6040
6044
6050
6054
6055
6058
6062
6072
6075
6080
6104
6108
6111
6139
6153
6175
6176
6189
6197
6200
6204
6213
6216
6222
6230
6238
6247
6251
6253
6256
6269
6270
6271
6276
6280
6285
6301
6308
6314
6318
6319
6323
6338
6340
6365
6381
6386
6387
6389
6394
6401
6411
6419
6422
6428
6438
6449
6456
6457
6466
6473
6479
6480
6489
6500
6518
6519
6526
6532
6541
6549
6556
6571
6577
6578
6579
6580
6583
6603
6611
6616
6627
6636
6647
6648
6657
6663
6665
6672
6673
6674
6675
6679
6684
6689
6691
6692
6700
6702
6711
6715
6718
6725
6726
6734
6753
6755
6756
6765
6775
6776
6780
6788
6797
6798
6805
6809
6812
6834
6836
6843
6848
6849
6852
6856
6858
6865
6867
6870
6883
6884
6885
6890
6902
6905
6906
6907
6909
6913
6919
6926
6957
6961
6962
6966
6967
6968
6986
6997
7004
7008
7016
7019
7029
7030
7039
7043
7052
7053
7060
7063
7073
7074
7083
7103
7108
7116
7118
7119
7126
7134
7145
7155
7161
7165
7172
7184
7194
7198
7201
7209
7212
7214
7223
7255
7260
7261
7264
7266
7278
7284
7289
7294
7298
7300
7306
7308
7323
7332
7333
7334
7335
7346
7347
7353
7354
7356
7362
7366
7373
7383
7394
7408
7412
7416
7418
7427
7429
7430
7431
7433
7436
7441
7442
7443
7453
7455
7466
7468
7477
7492
7500
7502
7507
7509
7510
7517
7533
7535
7546
7550
7552
7553
7554
7558
7560
7584
7606
7607
7616
7617
7622
7629
7630
7638
7639
7646
7647
7652
7677
7691
7701
7734
7740
7752
7759
7778
7785
7789
7796
7797
7806
7810
7812
7815
7817
7841
7846
7872
7873
7886
7896
7898
7907
7912
7921
7931
7936
7938
7942
7948
7951
7953
7966
7969
7971
7974
7981
7991
7993
7995
8009
8014
8029
8031
8042
8047
8052
8054
8066
8076
8081
8082
8084
8089
8095
8107
8116
8124
8126
8131
8145
8148
8152
8154
8158
8161
8176
8189
8206
8210
8211
8216
8223
8227
8234
8240
8245
8250
8256
8267
8275
8277
8280
8284
8287
8290
8292
8297
8308
8314
8316
8319
8330
8336
8347
8349
8363
8365
8371
13
9
26
31
69
77
101
124
128
253
311
314
343
389
