331
1
2
6
8
12
14
15
18
21
24
27
29
31
33
37
54
56
60
63
66
67
77
79
81
91
95
97
105
133
139
148
151
165
178
185
196
200
224
225
231
234
236
247
251
252
263
267
268
273
277
279
284
294
297
306
308
313
321
341
353
360
371
377
380
382
387
388
389
401
405
415
419
421
423
426
428
430
431
432
448
451
468
469
475
498
502
506
507
528
531
535
551
552
558
572
575
578
580
590
592
594
597
598
604
606
627
628
630
637
643
644
650
660
661
663
665
703
705
713
716
733
737
745
747
753
754
774
776
777
787
789
793
797
804
805
814
818
821
828
833
841
847
850
852
871
872
881
895
937
940
944
946
950
951
963
973
986
988
990
1016
1017
1020
1022
1024
1037
1044
1067
1070
1072
1078
1080
1081
1083
1084
1085
1087
1105
1109
1127
1130
1132
1142
1145
1154
1167
1168
1169
1171
1175
1205
1215
1219
1231
1233
1245
1251
1270
1273
1284
1285
1287
1294
1297
1304
1308
1309
1317
1325
1326
1327
1341
1343
1362
1379
1381
1388
1423
1425
1427
1431
1432
1438
1439
1440
1447
1454
1462
1463
1465
1467
1475
1495
1500
1512
1519
1521
1534
1550
1559
1560
1584
1589
1592
1628
1632
1634
1636
1641
1642
1655
1657
1668
1672
1699
1708
1710
1719
1720
1728
1738
1739
1743
1755
1757
1771
1773
1788
1793
1797
1803
1812
1817
1823
1832
1839
1849
1850
1859
1860
1866
1867
1868
1869
1880
1892
1894
1900
1911
1914
1915
1920
1933
1942
1947
1948
1951
1964
1965
1973
1980
1984
1990
1995
1997
2001
2002
2004
2005
2012
2036
2038
2041
2046
2065
2067
2071
2104
2109
2111
2124
2133
2143
2146
2147
2153
2154
2156
2164
2172
2181
2183
14
4
20
32
44
59
72
81
84
95
99
114
136
138
151
