512
2
5
16
19
24
30
35
37
44
53
55
64
70
74
75
79
82
92
95
96
99
107
122
125
146
154
167
168
173
193
194
195
196
199
201
209
216
221
238
241
253
264
265
272
274
276
283
287
307
311
313
316
317
344
345
351
359
362
381
391
395
406
407
409
412
423
426
427
440
442
444
447
449
454
475
478
480
481
483
487
491
498
500
503
511
518
531
532
537
541
548
551
552
562
566
578
582
585
588
590
598
615
623
627
638
639
644
648
650
653
654
656
659
665
674
683
689
690
694
698
717
719
725
734
735
749
751
762
768
777
782
803
811
812
813
815
819
825
828
830
845
854
864
866
870
871
872
876
877
880
882
883
887
899
902
910
931
936
937
938
948
951
953
962
967
968
973
985
989
993
995
1005
1011
1014
1019
1026
1029
1035
1037
1043
1045
1051
1058
1060
1062
1072
1074
1079
1089
1092
1094
1095
1096
1097
1106
1114
1116
1130
1138
1145
1150
1156
1157
1160
1169
1195
1198
1202
1203
1208
1209
1212
1216
1217
1224
1228
1230
1237
1238
1240
1241
1243
1246
1251
1257
1262
1268
1272
1278
1293
1294
1296
1299
1300
1303
1308
1316
1317
1320
1325
1326
1327
1332
1348
1351
1352
1356
1361
1363
1365
1368
1372
1377
1399
1406
1410
1412
1420
1428
1441
1443
1447
1448
1451
1452
1456
1466
1469
1470
1479
1483
1485
1487
1489
1490
1492
1504
1505
1507
1509
1515
1517
1521
1523
1540
1542
1565
1566
1568
1569
1570
1572
1585
1588
1596
1608
1619
1620
1627
1634
1642
1645
1650
1651
1654
1659
1661
1663
1666
1670
1674
1675
1684
1686
1691
1702
1708
1726
1727
1729
1730
1740
1743
1744
1752
1753
1769
1771
1800
1801
1808
1814
1821
1835
1839
1842
1851
1860
1861
1865
1871
1876
1878
1882
1889
1911
1913
1914
1916
1917
1921
1950
1953
1954
1963
1965
1969
1971
1984
1987
1990
1992
1997
2000
2004
2006
2033
2043
2046
2049
2050
2054
2055
2059
2073
2075
2089
2097
2098
2102
2103
2104
2113
2125
2144
2146
2149
2150
2151
2152
2153
2157
2169
2170
2178
2184
2192
2193
2201
2209
2212
2218
2226
2235
2236
2241
2247
2251
2256
2271
2274
2276
2279
2292
2308
2311
2313
2327
2337
2354
2358
2370
2379
2381
2389
2396
2405
2407
2412
2417
2419
2424
2439
2443
2451
2455
2458
2465
2472
2482
2491
2492
2493
2501
2502
2515
2536
2544
2546
2551
2554
2556
2558
2560
2562
2575
2576
2593
2594
2610
2611
2614
2619
2622
2623
2634
2650
2654
2656
2659
2671
2673
2675
2679
2682
2685
2688
2689
2692
2693
2697
2704
2708
2718
2735
2739
2742
2744
2745
2757
2763
2766
2773
2782
2797
2800
2803
2807
2820
2821
2837
2855
2862
2865
2874
2878
2897
2902
2919
2923
2926
2935
3
25
69
106
