1502
0
3
4
5
10
13
27
36
43
50
51
53
60
65
66
84
86
87
97
104
119
130
135
138
140
148
154
157
160
166
174
181
196
198
209
216
224
232
248
266
270
281
284
286
287
291
298
300
309
315
321
322
336
344
347
353
354
365
369
371
374
376
383
387
395
398
406
412
427
428
431
433
441
443
460
463
469
471
476
477
489
495
499
509
512
517
521
551
559
561
563
577
581
595
607
633
634
645
647
656
658
670
674
676
684
689
703
708
710
712
719
738
746
747
748
757
763
767
774
783
785
787
791
806
809
811
813
824
848
866
881
887
888
894
899
918
919
921
924
926
930
932
933
938
947
951
954
964
979
1004
1019
1020
1023
1030
1032
1036
1049
1071
1072
1083
1089
1095
1113
1130
1131
1136
1146
1148
1155
1188
1189
1199
1208
1214
1215
1220
1223
1225
1226
1229
1240
1247
1266
1272
1274
1275
1278
1280
1286
1301
1309
1318
1322
1337
1338
1352
1358
1361
1364
1378
1380
1409
1413
1428
1440
1441
1443
1452
1454
1483
1493
1494
1496
1521
1534
1544
1547
1560
1562
1582
1583
1584
1595
1602
1608
1609
1611
1637
1639
1647
1648
1657
1660
1663
1668
1675
1694
1705
1711
1721
1723
1731
1737
1760
1776
1777
1778
1801
1806
1814
1821
1824
1828
1848
1852
1859
1864
1869
1884
1888
1901
1909
1910
1914
1921
1925
1933
1939
1941
1962
1963
1969
1982
1987
1990
1991
2008
2033
2039
2046
2049
2061
2062
2072
2093
2114
2143
2145
2154
2167
2183
2199
2204
2205
2208
2213
2232
2238
2265
2281
2312
2323
2334
2344
2360
2369
2372
2379
2388
2391
2394
2399
2417
2418
2446
2452
2462
2466
2468
2477
2481
2491
2492
2495
2501
2503
2517
2530
2532
2533
2547
2548
2556
2559
2571
2579
2581
2583
2584
2590
2591
2597
2603
2640
2649
2652
2673
2678
2689
2691
2692
2702
2703
2705
2720
2723
2727
2729
2731
2742
2743
2744
2796
2806
2813
2817
2827
2835
2853
2857
2858
2861
2865
2886
2898
2899
2917
2923
2927
2931
2933
2940
2945
2958
2962
2976
2983
2985
2990
3002
3018
3023
3040
3056
3070
3071
3077
3082
3086
3092
3107
3126
3128
3152
3159
3181
3200
3205
3211
3212
3227
3262
3300
3307
3309
3321
3326
3335
3347
3349
3362
3368
3376
3382
3385
3391
3415
3425
3431
3440
3445
3449
3457
3463
3464
3467
3469
3478
3504
3515
3527
3551
3573
3576
3578
3592
3596
3598
3600
3607
3624
3628
3635
3637
3643
3668
3670
3704
3705
3707
3713
3727
3734
3735
3753
3759
3770
3777
3786
3788
3793
3801
3822
3826
3832
3837
3841
3852
3855
3870
3875
3876
3879
3882
3886
3892
3897
3904
3906
3907
3915
3920
3921
3923
3935
3941
3955
3960
3978
4002
4011
4022
4049
4052
4058
4065
4086
4094
4107
4111
4117
4130
4150
4154
4168
4170
4173
4180
4185
4188
4201
4203
4207
4224
4225
4229
4234
4248
4251
4252
4260
4263
4269
4276
4290
4295
4301
4302
4304
4327
4328
4330
4332
4335
4359
4369
4374
4376
4400
4404
4405
4419
4421
4430
4434
4440
4442
4444
4459
4460
4461
4462
4474
4476
4489
4490
4501
4503
4505
4508
4510
4525
4528
4531
4533
4535
4539
4544
4545
4559
4564
4566
4570
4578
4579
4590
4602
4609
4610
4625
4627
4642
4664
4672
4685
4698
4701
4710
4711
4712
4724
4730
4731
4734
4736
4738
4742
4752
4768
4773
4781
4782
4785
4798
4800
4803
4808
4815
4832
4835
4849
4856
4860
4862
4863
4880
4884
4889
4891
4898
4930
4937
4941
4947
4962
4981
4987
4989
5016
5020
5028
5036
5038
5039
5041
5045
5046
5054
5056
5059
5072
5083
5086
5087
5098
5100
5103
5106
5109
5114
5117
5125
5136
5137
5160
5166
5167
5173
5186
5189
5207
5217
5218
5226
5227
5229
5237
5241
5242
5244
5248
5250
5262
5265
5267
5268
5269
5272
5283
5311
5316
5328
5333
5343
5345
5347
5350
5363
5370
5378
5379
5381
5397
5416
5427
5428
5436
5451
5454
5458
5473
5486
5488
5490
5502
5505
5506
5511
5517
5520
5523
5527
5534
5536
5537
5538
5544
5558
5579
5582
5605
5609
5611
5613
5614
5615
5619
5622
5623
5648
5651
5652
5654
5667
5677
5683
5685
5689
5694
5707
5721
5722
5741
5746
5767
5770
5774
5782
5790
5791
5809
5817
5821
5822
5833
5844
5856
5864
5874
5884
5886
5893
5898
5923
5924
5941
5955
5958
5961
5965
5974
5975
5989
5990
5998
6012
6013
6015
6021
6022
6025
6029
6071
6093
6096
6099
6103
6104
6112
6119
6122
6126
6128
6129
6149
6154
6155
6176
6177
6184
6209
6213
6218
6226
6227
6232
6236
6239
6240
6244
6246
6252
6259
6265
6282
6284
6289
6294
6295
6296
6304
6317
6323
6325
6331
6333
6335
6342
6357
6359
6365
6367
6368
6376
6377
6384
6395
6402
6410
6415
6436
6437
6451
6452
6453
6457
6468
6470
6472
6486
6489
6497
6516
6525
6532
6534
6538
6541
6550
6566
6577
6586
6592
6593
6596
6605
6621
6641
6649
6650
6658
6663
6664
6674
6685
6701
6703
6704
6718
6721
6722
6733
6735
6736
6740
6741
6742
6743
6750
6756
6757
6759
6761
6763
6766
6773
6777
6783
6785
6804
6810
6827
6836
6840
6843
6857
6858
6862
6865
6877
6887
6889
6901
6914
6916
6923
6925
6935
6946
6967
6978
6981
6984
7000
7002
7005
7007
7012
7033
7036
7037
7042
7055
7081
7087
7088
7091
7102
7126
7146
7151
7152
7157
7164
7167
7172
7174
7182
7185
7188
7192
7198
7199
7222
7233
7244
7246
7247
7260
7267
7270
7278
7281
7287
7291
7304
7310
7332
7335
7339
7347
7350
7360
7361
7363
7373
7381
7391
7404
7411
7415
7423
7427
7446
7465
7466
7540
7541
7547
7556
7564
7567
7570
7576
7585
7586
7589
7599
7601
7604
7609
7610
7621
7622
7624
7641
7651
7673
7696
7699
7703
7709
7710
7711
7734
7749
7750
7752
7754
7757
7764
7775
7780
7781
7784
7789
7790
7793
7796
7798
7799
7811
7817
7818
7825
7830
7835
7841
7853
7859
7861
7864
7885
7892
7902
7905
7907
7914
7918
7925
7926
7943
7944
7953
7970
7974
7976
7978
7982
7987
7992
7993
7995
8026
8033
8052
8060
8066
8070
8072
8076
8078
8092
8093
8096
8113
8122
8138
8142
8153
8157
8162
8185
8187
8197
8201
8208
8222
8230
8232
8238
8240
8241
8262
8275
8281
8285
8291
8315
8328
8336
8337
8366
8367
8369
8370
8373
8377
8391
8419
8420
8429
8436
8438
8446
8448
8450
8455
8456
8461
8463
8469
8470
8481
8514
8516
8521
8522
8525
8529
8539
8549
8555
8559
8563
8574
8589
8591
8592
8616
8632
8633
8635
8636
8644
8651
8657
8658
8677
8678
8684
8687
8689
8691
8700
8703
8711
8712
8735
8739
8746
8751
8774
8781
8783
8798
8800
8802
8806
8831
8832
8833
8847
8853
8855
8857
8871
8874
8876
8880
8887
8891
8906
8910
8913
8915
8919
8929
8938
8939
8942
8981
8985
8998
9010
9028
9040
9051
9058
9062
9067
9069
9077
9084
9094
9097
9147
9161
9162
9163
9164
9170
9171
9179
9187
9209
9229
9234
9243
9249
9251
9262
9272
9276
9288
9302
9314
9325
9334
9336
9340
9341
9344
9350
9357
9359
9369
9380
9394
9395
9396
9403
9416
9424
9429
9436
9445
9446
9448
9449
9451
9452
9466
9468
9473
9479
9502
9506
9508
9524
9530
9539
9564
9565
9568
9569
9581
9589
9592
9604
9627
9633
9637
9642
9643
9648
9653
9659
9666
9674
9676
9680
9685
9689
9694
9713
9714
9732
9733
9739
9741
9754
9758
9776
9778
9787
9792
9795
9810
9817
9820
9846
9848
9861
9863
9873
9880
9882
9890
9894
9906
9909
9917
9938
9940
9945
9948
9966
9977
9990
10002
10005
10008
10024
10026
10027
10032
10045
10061
10070
10076
10084
10085
10099
10114
10123
10128
10133
10148
10151
10201
10208
10210
10220
10229
10234
10239
10242
10250
10255
10266
10296
10301
10306
10310
10318
10320
10327
10330
10340
10346
10351
10354
10363
10378
10381
10416
10418
10431
10433
10446
10469
10470
10472
10480
10484
10494
10507
10532
10538
10539
10544
10559
10560
10563
10576
10579
10590
10593
10601
10606
10608
10626
10631
10636
10639
10643
10659
10661
10664
10667
10672
10675
10688
10691
10699
10705
10721
10733
10747
10752
10754
10761
10787
10794
10797
10800
10803
10819
10821
10832
10838
10839
10844
10856
10862
10879
10882
10895
10911
10912
10919
10920
10933
10937
10943
10947
10951
10961
10965
10966
10968
10985
10987
11003
11008
11013
11017
11018
11026
11031
11046
11048
11049
11052
11065
11074
11076
11079
11108
11112
11116
11123
11125
11128
11143
11146
11149
11151
11157
11182
11197
11199
11210
11223
11226
11232
11233
11237
11240
11241
11254
11268
11271
11291
11300
11301
11306
11310
11316
11318
11328
3
0
21
157
