6462
2
15
32
34
37
47
50
51
65
71
74
77
79
87
90
108
117
118
119
138
149
154
157
160
162
196
200
208
223
225
231
232
235
247
250
253
254
257
278
283
290
294
297
298
315
318
326
328
339
345
347
358
366
386
413
417
419
428
432
440
449
458
464
466
468
482
494
510
524
526
532
537
541
570
573
575
578
585
594
611
613
621
628
631
635
637
641
642
649
653
669
677
685
691
692
694
701
705
706
727
740
743
754
760
763
768
780
791
792
793
808
811
814
822
823
831
832
835
839
840
842
846
847
854
867
870
873
877
878
880
884
886
890
895
899
901
906
910
911
928
931
933
941
943
948
949
966
969
973
975
976
981
984
991
993
997
998
1000
1017
1025
1026
1038
1040
1046
1058
1073
1084
1095
1099
1100
1101
1114
1116
1117
1128
1130
1132
1136
1138
1152
1158
1162
1167
1194
1206
1215
1217
1218
1220
1228
1258
1259
1268
1270
1278
1284
1286
1287
1289
1290
1308
1316
1320
1322
1346
1352
1354
1363
1377
1380
1388
1394
1405
1412
1416
1425
1437
1453
1454
1456
1458
1465
1470
1484
1498
1501
1509
1534
1537
1539
1549
1551
1557
1574
1576
1586
1590
1599
1601
1604
1616
1624
1633
1659
1669
1681
1682
1689
1691
1692
1693
1699
1704
1706
1720
1721
1734
1741
1744
1759
1762
1763
1768
1781
1784
1794
1805
1808
1810
1814
1822
1825
1833
1837
1839
1843
1852
1853
1864
1874
1891
1894
1902
1907
1928
1967
1973
1987
1990
1999
2002
2014
2025
2032
2036
2040
2045
2047
2049
2051
2052
2053
2061
2062
2064
2065
2076
2080
2083
2085
2089
2093
2101
2129
2131
2132
2135
2136
2138
2142
2148
2151
2158
2162
2164
2166
2174
2176
2180
2181
2196
2197
2198
2208
2217
2235
2242
2244
2247
2257
2263
2264
2266
2272
2302
2307
2310
2312
2315
2338
2350
2351
2363
2371
2373
2376
2378
2379
2382
2390
2393
2399
2407
2408
2413
2422
2432
2457
2462
2464
2465
2468
2472
2476
2479
2484
2485
2494
2496
2499
2513
2514
2515
2518
2520
2530
2544
2578
2580
2583
2593
2602
2604
2611
2617
2619
2622
2626
2627
2629
2630
2631
2635
2640
2642
2662
2684
2695
2716
2718
2720
2737
2739
2747
2749
2762
2779
2793
2798
2813
2815
2816
2829
2832
2835
2839
2852
2853
2864
2869
2873
2876
2889
2893
2900
2911
2923
2942
2966
2967
2970
2973
2981
2983
2990
2992
2994
2998
3006
3021
3028
3034
3054
3061
3065
3068
3071
3084
3092
3093
3102
3113
3114
3122
3125
3128
3137
3160
3189
3209
3224
3225
3240
3243
3251
3253
3261
3264
3271
3274
3300
3305
3306
3313
3318
3319
3321
3334
3336
3342
3344
3350
3375
3381
3382
3385
3387
3396
3397
3403
3414
3426
3436
3439
3443
3474
3475
3492
3505
3511
3512
3526
3542
3543
3556
3564
3567
3574
3578
3579
3583
3602
3606
3610
3615
3617
3632
3638
3642
3650
3655
3662
3670
3684
3688
3689
3697
3700
3710
3714
3715
3720
3721
3722
3730
3734
3735
3752
3753
3757
3760
3782
3789
3808
3814
3825
3826
3849
3879
3880
3883
3886
3888
3896
3899
3902
3905
3913
3923
3926
3935
3940
3943
3945
3947
3949
3955
3956
3979
3981
3994
4008
4019
4020
4025
4035
4041
4051
4053
4055
4057
4058
4085
4087
4090
4094
4111
4112
4116
4123
4128
4130
4147
4163
4190
4216
4222
4224
4225
4227
4236
4251
4266
4273
4282
4294
4298
4299
4311
4335
4338
4339
4345
4348
4352
4357
4373
4386
4390
4394
4395
4396
4397
4398
4406
4407
4422
4433
4439
4442
4444
4446
4459
4463
4466
4482
4484
4485
4494
4506
4508
4515
4523
4529
4531
4536
4543
4552
4560
4566
4568
4575
4578
4579
4582
4583
4593
4601
4604
4605
4607
4621
4638
4649
4650
4655
4671
4673
4674
4681
4684
4686
4722
4728
4729
4730
4735
4765
4766
4772
4780
4791
4798
4803
4808
4813
4832
4844
4846
4858
4862
4870
4875
4884
4900
4910
4915
4917
4919
4949
4956
4964
4977
4978
5013
5016
5019
5020
5023
5035
5040
5045
5054
5058
5065
5066
5071
5085
5089
5097
5105
5108
5115
5116
5117
5120
5122
5130
5135
5141
5143
5156
5159
5160
5175
5179
5184
5185
5193
5204
5206
5207
5213
5240
5246
5249
5282
5292
5298
5311
5314
5317
5324
5327
5340
5341
5358
5370
5378
5379
5395
5400
5402
5415
5423
5424
5427
5435
5439
5458
5468
5469
5486
5489
5495
5497
5505
5509
5512
5521
5523
5531
5534
5541
5562
5573
5581
5588
5599
5606
5609
5626
5629
5633
5638
5640
5641
5644
5655
5665
5669
5675
5693
5699
5700
5706
5714
5721
5729
5746
5747
5750
5760
5761
5762
5773
5787
5793
5804
5805
5815
5823
5831
5836
5841
5853
5858
5859
5861
5876
5877
5881
5882
5886
5890
5895
5899
5908
5921
5926
5928
5930
5946
5962
5964
5969
5975
5980
5981
5982
5995
6000
6001
6006
6007
6015
6021
6023
6026
6031
6035
6036
6056
6062
6063
6070
6073
6076
6077
6082
6085
6092
6116
6126
6131
6139
6152
6156
6163
6169
6181
6186
6195
6203
6210
6213
6224
6225
6226
6227
6236
6242
6247
6248
6253
6260
6265
6267
6275
6281
6282
6283
6289
6293
6294
6310
6312
6313
6324
6331
6341
6342
6350
6351
6354
6361
6398
6405
6406
6407
6409
6421
6428
6431
6435
6440
6441
6449
6455
6457
6465
6471
6487
6488
6490
6506
6532
6569
6572
6578
6582
6588
6603
6613
6616
6626
6637
6647
6649
6652
6653
6654
6658
6687
6689
6699
6710
6722
6724
6728
6730
6733
6754
6764
6769
6771
6780
6784
6786
6800
6806
6821
6822
6826
6827
6828
6830
6838
6839
6845
6858
6863
6872
6880
6895
6899
6907
6915
6918
6930
6933
6941
6954
6963
6966
6969
6975
6982
6999
7001
7004
7006
7007
7012
7014
7020
7021
7032
7034
7057
7059
7065
7066
7068
7072
7083
7085
7089
7091
7093
7094
7115
7153
7157
7160
7166
7182
7229
7235
7240
7246
7252
7266
7272
7282
7287
7289
7295
7301
7305
7306
7321
7338
7340
7350
7354
7356
7364
7383
7391
7393
7402
7414
7416
7426
7437
7438
7442
7455
7456
7465
7470
7474
7477
7480
7483
7494
7498
7512
7518
7527
7530
7539
7540
7549
7550
7554
7559
7561
7566
7569
7570
7572
7578
7594
7598
7612
7616
7619
7627
7630
7631
7638
7640
7645
7648
7651
7658
7673
7683
7686
7697
7699
7710
7729
7736
7745
7765
7773
7804
7811
7816
7823
7826
7835
7842
7852
7853
7862
7888
7901
7936
7937
7938
7940
7944
7953
7954
7958
7961
7968
7973
7985
7990
7991
7993
8003
8006
8009
8019
8025
8026
8033
8050
8075
8078
8092
8095
8099
8104
8109
8113
8114
8119
8122
8134
8146
8153
8156
8167
8173
8175
8177
8185
8193
8203
8214
8232
8237
8254
8256
8258
8263
8267
8283
8284
8294
8301
8305
8307
8325
8332
8335
8336
8337
8350
8353
8354
8360
8361
8367
8381
8382
8385
8389
8403
8405
8407
8412
8437
8441
8443
8458
8460
8487
8491
8497
8502
8510
8511
8514
8518
8531
8537
8547
8549
8552
8553
8557
8560
8586
8593
8619
8624
8625
8641
8646
8648
8658
8669
8671
8673
8683
8692
8695
8704
8715
8716
8722
8742
8747
8759
8769
8770
8776
8783
8784
8801
8802
8814
8815
8825
8828
8833
8849
8851
8856
8861
8902
8907
8914
8918
8923
8931
8940
8947
8953
8957
8959
8961
8967
8986
8988
8995
8999
9009
9015
9023
9033
9034
9043
9045
9063
9078
9083
9084
9089
9090
9096
9108
9111
9144
9145
9153
9155
9160
9161
9169
9171
9174
9178
9181
9194
9198
9203
9209
9212
9237
9243
9251
9253
9255
9264
9269
9280
9282
9292
9299
9305
9318
9319
9331
9334
9358
9360
9363
9380
9383
9391
9392
9397
9405
9415
9463
9472
9491
9493
9505
9526
9529
9538
9543
9550
9554
9557
9560
9565
9567
9574
9584
9585
9593
9607
9616
9620
9627
9631
9642
9647
9658
9663
9669
9671
9672
9677
9688
9689
9692
9713
9723
9724
9732
9756
9757
9766
9774
9776
9777
9780
9786
9795
9796
9799
9822
9841
9843
9849
9855
9862
9866
9877
9879
9881
9886
9890
9891
9901
9907
9909
9912
9913
9920
9923
9930
9934
9957
9962
9965
9972
9975
9979
9983
9985
9988
9996
10004
10007
10028
10031
10039
10046
10064
10082
10084
10091
10109
10124
10129
10131
10133
10139
10144
10153
10155
10164
10176
10184
10189
10194
10201
10205
10207
10208
10212
10214
10216
10218
10237
10239
10242
10252
10263
10278
10285
10289
10311
10315
10319
10323
10341
10343
10352
10365
10369
10377
10381
10386
10396
10405
10415
10416
10431
10432
10449
10460
10462
10474
10488
10491
10498
10504
10530
10531
10533
10534
10539
10540
10545
10553
10559
10564
10568
10581
10588
10595
10605
10608
10617
10624
10626
10643
10651
10652
10664
10674
10690
10709
10715
10717
10722
10734
10737
10741
10744
10752
10753
10755
10759
10760
10797
10803
10806
10811
10813
10815
10816
10824
10827
10831
10837
10846
10847
10859
10861
10863
10888
10899
10905
10912
10927
10930
10931
10932
10939
10943
10953
10955
10964
10992
10994
10999
11001
11003
11010
11029
11032
11034
11040
11050
11064
11071
11079
11087
11093
11112
11136
11139
11147
11149
11153
11171
11172
11174
11180
11184
11188
11191
11192
11196
11222
11226
11228
11229
11232
11240
11264
11267
11272
11283
11286
11289
11291
11295
11304
11311
11312
11325
11329
11331
11340
11349
11362
11363
11373
11377
11381
11389
11392
11393
11397
11401
11402
11419
11431
11436
11441
11447
11448
11454
11456
11459
11472
11478
11495
11500
11501
11510
11512
11515
11519
11528
11536
11545
11553
11564
11565
11567
11568
11569
11577
11582
11585
11588
11594
11608
11609
11612
11614
11619
11628
11632
11637
11639
11640
11641
11643
11645
11659
11661
11693
11698
11700
11726
11728
11747
11759
11760
11769
11783
11791
11793
11798
11801
11804
11808
11809
11818
11841
11852
11876
11878
11879
11880
11883
11886
11890
11896
11903
11909
11916
11928
11931
11932
11942
11948
11949
11970
11972
11974
11991
12001
12003
12008
12016
12020
12036
12058
12059
12065
12066
12068
12080
12086
12091
12112
12133
12143
12144
12160
12165
12167
12182
12198
12200
12202
12203
12209
12210
12211
12213
12216
12219
12223
12236
12237
12238
12253
12258
12261
12265
12267
12272
12282
12288
12291
12292
12312
12314
12331
12334
12344
12356
12357
12359
12370
12371
12379
12387
12391
12406
12407
12421
12424
12428
12443
12444
12467
12489
12499
12500
12524
12539
12540
12541
12550
12567
12591
12597
12607
12609
12631
12632
12645
12663
12673
12674
12687
12688
12689
12695
12696
12703
12714
12723
12724
12736
12742
12746
12750
12751
12752
12753
12757
12759
12763
12779
12780
12783
12805
12808
12813
12815
12818
12828
12829
12840
12842
12850
12853
12854
12857
12868
12870
12875
12882
12884
12897
12899
12900
12902
12921
12922
12926
12928
12932
12941
12944
12953
12973
12978
12983
12984
12989
13001
13002
13014
13019
13027
13034
13043
13049
13050
13056
13064
13067
13071
13073
13078
13090
13093
13101
13107
13110
13115
13124
13125
13127
13139
13141
13155
13157
13159
13160
13168
13179
13183
13186
13206
13222
13226
13233
13252
13253
13293
13296
13302
13303
13306
13309
13314
13315
13324
13325
13326
13331
13340
13347
13352
13356
13364
13368
13381
13391
13396
13408
13418
13421
13424
13425
13426
13427
13431
13432
13437
13438
13442
13443
13455
13461
13471
13475
13486
13490
13504
13514
13532
13544
13554
13560
13583
13588
13589
13591
13599
13600
13603
13613
13614
13620
13625
13627
13639
13648
13652
13657
13662
13665
13667
13668
13672
13678
13694
13695
13701
13703
13713
13727
13736
13737
13742
13750
13751
13764
13769
13773
13776
13780
13803
13817
13823
13831
13832
13855
13863
13874
13887
13888
13894
13931
13937
13938
13949
13959
13964
13966
13974
13975
13976
13978
13988
14008
14011
14020
14021
14029
14030
14051
14055
14058
14062
14084
14105
14108
14121
14123
14130
14134
14142
14144
14153
14157
14164
14174
14176
14183
14190
14198
14207
14225
14231
14233
14237
14240
14241
14244
14254
14259
14261
14273
14277
14284
14294
14300
14301
14303
14312
14325
14334
14338
14353
14354
14357
14364
14377
14380
14381
14419
14421
14422
14423
14425
14446
14450
14456
14462
14480
14502
14521
14523
14529
14543
14556
14557
14567
14603
14608
14625
14635
14636
14637
14639
14641
14645
14651
14659
14664
14678
14687
14689
14692
14694
14700
14706
14729
14731
14734
14735
14751
14755
14758
14760
14764
14766
14775
14784
14793
14798
14812
14817
14821
14825
14832
14833
14849
14854
14858
14867
14872
14877
14880
14883
14892
14915
14916
14918
14920
14945
14950
14958
14972
14976
14981
15004
15015
15025
15029
15041
15044
15055
15066
15071
15073
15078
15080
15087
15099
15109
15111
15117
15126
15127
15129
15131
15135
15136
15139
15142
15149
15150
15163
15169
15170
15176
15181
15185
15191
15194
15199
15211
15219
15230
15232
15234
15236
15247
15250
15256
15259
15270
15276
15283
15285
15293
15299
15301
15304
15306
15308
15313
15318
15319
15321
15325
15326
15345
15348
15354
15358
15364
15370
15374
15390
15397
15400
15427
15439
15449
15453
15465
15470
15477
15479
15491
15492
15513
15514
15525
15534
15538
15569
15572
15599
15602
15612
15614
15616
15621
15631
15632
15638
15639
15647
15655
15657
15664
15665
15666
15671
15683
15684
15690
15691
15692
15715
15716
15734
15735
15751
15764
15775
15777
15782
15788
15801
15815
15826
15843
15847
15852
15858
15862
15871
15885
15905
15926
15928
15938
15945
15954
15957
15960
15986
16004
16019
16028
16036
16042
16067
16078
16095
16118
16123
16129
16132
16136
16141
16142
16148
16155
16160
16165
16169
16181
16184
16185
16193
16198
16199
16203
16208
16210
16219
16223
16224
16228
16232
16240
16242
16247
16251
16253
16255
16262
16266
16273
16278
16280
16287
16289
16292
16299
16301
16302
16308
16311
16314
16318
16341
16348
16358
16362
16380
16386
16393
16398
16400
16414
16422
16423
16425
16428
16432
16434
16441
16480
16483
16488
16494
16495
16502
16507
16514
16531
16556
16564
16569
16587
16605
16612
16616
16623
16626
16646
16657
16669
16677
16689
16699
16705
16722
16726
16731
16732
16736
16753
16754
16760
16762
16770
16778
16785
16809
16820
16821
16833
16838
16840
16864
16866
16873
16879
16886
16889
16890
16895
16900
16904
16906
16909
16910
16923
16924
16928
16931
16934
16951
16955
16971
16972
16994
16995
17002
17004
17015
17016
17019
17031
17039
17057
17058
17059
17062
17064
17075
17090
17093
17101
17102
17103
17110
17126
17131
17136
17137
17147
17151
17152
17155
17158
17167
17171
17178
17189
17191
17197
17201
17213
17217
17221
17225
17230
17239
17240
17256
17258
17260
17263
17273
17275
17277
17308
17309
17310
17313
17315
17319
17328
17331
17335
17337
17338
17340
17346
17363
17385
17392
17409
17416
17433
17434
17440
17444
17449
17458
17494
17495
17499
17516
17520
17522
17542
17543
17562
17569
17577
17580
17587
17601
17604
17606
17609
17617
17625
17626
17635
17645
17650
17652
17657
17662
17665
17672
17686
17694
17697
17702
17716
17717
17728
17746
17751
17754
17771
17772
17779
17789
17792
17797
17800
17811
17823
17830
17835
17838
17842
17843
17845
17847
17857
17862
17874
17877
17878
17894
17914
17922
17925
17930
17934
17940
17941
17947
17949
17950
17951
17966
17968
17991
17994
17997
18008
18013
18016
18018
18045
18053
18069
18072
18073
18082
18087
18088
18090
18093
18113
18114
18117
18122
18126
18128
18130
18135
18140
18145
18148
18149
18156
18157
18158
18165
18172
18184
18187
18217
18218
18220
18227
18229
18234
18243
18252
18255
18257
18258
18262
18264
18267
18278
18280
18283
18285
18286
18288
18298
18302
18306
18307
18311
18312
18317
18318
18324
18330
18333
18346
18354
18356
18367
18368
18370
18371
18374
18378
18379
18386
18389
18390
18406
18407
18409
18413
18418
18422
18437
18439
18458
18459
18461
18471
18476
18485
18492
18499
18513
18522
18540
18553
18562
18569
18580
18587
18591
18622
18624
18650
18657
18662
18668
18671
18672
18676
18679
18685
18693
18696
18699
18713
18719
18721
18723
18739
18740
18759
18769
18783
18791
18800
18810
18815
18818
18831
18834
18840
18850
18859
18864
18867
18892
18897
18899
18903
18909
18915
18917
18930
18934
18943
18946
18977
18980
18984
18991
19018
19031
19039
19042
19052
19062
19064
19069
19081
19091
19103
19111
19138
19140
19146
19150
19156
19162
19164
19165
19174
19183
19184
19193
19218
19225
19226
19227
19228
19232
19242
19251
19253
19258
19260
19265
19269
19272
19274
19277
19282
19283
19285
19289
19292
19303
19307
19313
19319
19332
19343
19350
19354
19371
19373
19376
19379
19387
19411
19414
19422
19431
19432
19436
19445
19454
19467
19468
19480
19486
19510
19522
19524
19530
19542
19545
19548
19551
19562
19569
19586
19589
19595
19600
19610
19619
19630
19661
19662
19665
19677
19679
19681
19683
19694
19695
19703
19708
19711
19713
19718
19719
19721
19725
19729
19731
19747
19751
19761
19763
19770
19774
19778
19785
19787
19792
19794
19798
19806
19813
19822
19823
19828
19831
19835
19847
19848
19853
19868
19873
19884
19889
19896
19903
19904
19917
19922
19923
19929
19939
19942
19946
19957
19971
19975
19986
19989
20004
20005
20017
20021
20026
20028
20031
20035
20043
20055
20080
20082
20085
20086
20095
20096
20097
20098
20106
20108
20109
20113
20121
20122
20126
20127
20143
20148
20151
20154
20160
20161
20168
20174
20179
20180
20189
20193
20202
20210
20214
20216
20221
20226
20230
20250
20261
20264
20270
20279
20280
20286
20287
20295
20297
20320
20326
20328
20329
20342
20350
20362
20366
20369
20396
20398
20417
20429
20431
20433
20434
20439
20440
20442
20443
20451
20460
20464
20465
20479
20486
20532
20539
20550
20557
20558
20563
20579
20584
20586
20596
20600
20601
20608
20610
20616
20623
20627
20628
20631
20632
20640
20641
20642
20644
20647
20649
20655
20674
20676
20687
20702
20705
20720
20723
20730
20742
20749
20758
20767
20776
20801
20807
20826
20835
20843
20844
20852
20854
20873
20875
20889
20898
20899
20907
20917
20928
20941
20947
20971
20977
20983
20985
20989
20991
20993
20995
21006
21008
21011
21019
21023
21042
21049
21061
21064
21068
21082
21088
21098
21104
21112
21117
21118
21123
21135
21154
21156
21160
21161
21163
21165
21175
21176
21178
21196
21204
21207
21212
21223
21225
21243
21245
21247
21249
21255
21256
21271
21283
21285
21288
21298
21300
21305
21308
21315
21324
21329
21335
21336
21340
21355
21363
21370
21374
21383
21388
21389
21391
21393
21402
21408
21414
21416
21417
21418
21420
21421
21424
21426
21430
21438
21441
21442
21450
21457
21458
21459
21461
21465
21476
21478
21496
21502
21509
21517
21518
21536
21542
21545
21576
21586
21601
21605
21616
21618
21621
21631
21642
21646
21647
21648
21658
21664
21668
21669
21675
21683
21689
21702
21708
21729
21730
21738
21750
21756
21757
21762
21763
21768
21769
21776
21787
21811
21815
21823
21831
21840
21846
21849
21855
21863
21865
21869
21873
21874
21877
21894
21896
21902
21907
21909
21912
21926
21936
21949
21959
21969
21976
22006
22011
22013
22025
22027
22029
22034
22042
22051
22069
22070
22071
22072
22089
22090
22100
22111
22116
22120
22133
22137
22140
22157
22163
22164
22166
22175
22192
22197
22208
22209
22211
22221
22223
22224
22238
22239
22247
22249
22277
22287
22301
22307
22311
22313
22320
22321
22326
22333
22337
22342
22350
22356
22359
22369
22370
22396
22399
22402
22410
22429
22440
22476
22479
22486
22487
22489
22490
22497
22499
22510
22511
22513
22514
22523
22533
22535
22549
22550
22554
22563
22565
22573
22576
22588
22589
22596
22597
22599
22604
22611
22619
22623
22631
22635
22643
22648
22650
22654
22667
22669
22679
22684
22690
22693
22699
22701
22702
22705
22706
22720
22744
22784
22785
22807
22811
22821
22824
22825
22834
22835
22839
22856
22858
22862
22869
22873
22886
22888
22892
22904
22906
22908
22918
22925
22934
22948
22954
22956
22969
22971
22987
22990
23010
23014
23022
23024
23032
23033
23042
23044
23045
23046
23049
23055
23058
23059
23060
23077
23078
23104
23125
23133
23140
23141
23164
23168
23169
23170
23179
23185
23191
23208
23212
23222
23227
23246
23248
23252
23257
23259
23262
23264
23306
23308
23314
23317
23327
23330
23344
23377
23379
23386
23388
23396
23403
23413
23415
23417
23430
23441
23442
23449
23463
23470
23474
23497
23524
23538
23540
23541
23544
23561
23563
23565
23572
23593
23597
23614
23628
23638
23653
23658
23659
23661
23683
23702
23710
23716
23728
23738
23751
23759
23762
23764
23770
23774
23781
23786
23814
23815
23817
23818
23831
23843
23854
23856
23859
23861
23865
23873
23876
23880
23892
23918
23934
23954
23955
23962
23963
23965
23966
23968
23974
23983
23984
23989
23992
24004
24007
24028
24032
24034
24039
24042
24043
24047
24048
24050
24052
24057
24066
24069
24076
24088
24099
24107
24112
24114
24124
24128
24139
24148
24155
24163
24166
24187
24196
24201
24234
24247
24276
24279
24283
24286
24287
24289
24301
24302
24305
24308
24309
24319
24324
24327
24335
24343
24349
24356
24364
24365
24372
24373
24374
24378
24381
24385
24391
24399
24400
24419
24425
24436
24439
24440
24442
24454
24459
24463
24480
24485
24490
24494
24503
24507
24509
24511
24516
24519
24537
24547
24556
24558
24562
24567
24579
24590
24594
24595
24598
24602
24603
24611
24620
24623
24628
24630
24632
24640
24645
24648
24649
24650
24653
24658
24660
24662
24664
24673
24685
24690
24692
24693
24695
24698
24703
24705
24708
24709
24714
24727
24729
24730
24743
24749
24752
24766
24774
24778
24784
24788
24793
24796
24802
24805
24812
24815
24820
24821
24836
24838
24839
24840
24852
24853
24857
24860
24875
24883
24884
24902
24910
24919
24922
24927
24928
24937
24941
24970
24987
24988
25008
25012
25018
25019
25055
25057
25060
25072
25077
25081
25082
25083
25090
25095
25111
25119
25123
25126
25129
25130
25136
25138
25141
25148
25158
25163
25168
25173
25175
25189
25191
25195
25196
25198
25199
25205
25221
25232
25236
25237
25238
25241
25247
25256
25260
25266
25268
25270
25282
25286
25290
25295
25299
25301
25305
25312
25317
25319
25323
25324
25325
25345
25346
25347
25357
25364
25365
25376
25380
25390
25393
25404
25418
25420
25423
25441
25445
25457
25461
25462
25465
25467
25468
25471
25472
25474
25491
25493
25497
25505
25506
25508
25510
25519
25521
25528
25541
25546
25547
25549
25553
25561
25562
25563
25569
25572
25583
25588
25596
25598
25600
25606
25615
25622
25630
25635
25644
25645
25646
25650
25659
25661
25666
25671
25674
25675
25694
25695
25709
25711
25727
25738
25739
25742
25744
25759
25760
25762
25766
25771
25772
25776
25787
25790
25791
25794
25795
25807
25812
25815
25820
25830
25849
25851
25859
25862
25872
25885
25889
25902
25909
25911
25918
25923
25924
25928
25942
25943
25945
25950
25952
25959
25969
25974
25985
26000
26002
26004
26007
26010
26012
26024
26037
26053
26062
26081
26084
26096
26098
26104
26105
26114
26116
26135
26137
26142
26165
26166
26179
26180
26185
26206
26209
26231
26236
26243
26245
26261
26264
26272
26276
26280
26283
26285
26292
26306
26321
26326
26328
26329
26336
26353
26369
26380
26410
26434
26440
26442
26447
26450
26457
26458
26463
26473
26476
26483
26495
26499
26509
26512
26524
26527
26547
26548
26553
26559
26569
26574
26575
26579
26587
26601
26612
26613
26625
26630
26631
26645
26657
26662
26667
26668
26678
26682
26686
26694
26696
26719
26723
26738
26741
26751
26761
26767
26768
26776
26780
26786
26789
26792
26794
26800
26807
26810
26813
26818
26825
26826
26829
26833
26852
26854
26867
26884
26921
26929
26931
26941
26945
26946
26958
26963
26969
26970
26980
26993
27005
27029
27037
27046
27049
27060
27066
27069
27070
27072
27082
27088
27090
27096
27099
27106
27127
27132
27134
27143
27148
27150
27199
27201
27212
27214
27225
27226
27227
27237
27240
27247
27257
27270
27274
27280
27283
27287
27288
27291
27306
27309
27311
27315
27316
27321
27322
27329
27331
27336
27344
27353
27357
27358
27362
27365
27369
27374
27379
27383
27388
27401
27416
27417
27441
27443
27449
27451
27460
27464
27475
27484
27495
27496
27500
27506
27515
27523
27525
27527
27528
27539
27540
27546
27552
27554
27561
27563
27565
27568
27581
27583
27603
27604
27611
27617
27621
27622
27623
27634
27640
27641
27644
27650
27663
27666
27668
27669
27677
27684
27695
27696
27704
27708
27713
27717
27725
27727
27735
27752
27766
27783
27794
27796
27798
27819
27822
27830
27835
27840
27849
27852
27857
27861
27863
27864
27875
27876
27886
27912
27916
27933
27934
27946
27967
28012
28014
28017
28022
28032
28037
28044
28053
28056
28061
28070
28079
28093
28096
28102
28109
28132
28135
28138
28143
28147
28155
28156
28161
28162
28172
28174
28175
28179
28182
28184
28186
28196
28204
28206
28211
28219
28237
28238
28239
28243
28246
28247
28257
28268
28270
28271
28275
28280
28292
28303
28306
28308
28319
28326
28339
28354
28367
28369
28379
28381
28382
28389
28391
28393
28396
28408
28415
28416
28421
28429
28430
28432
28451
28456
28478
28491
28493
28495
28507
28514
28515
28520
28525
28543
28554
28563
28569
28581
28584
28590
28598
28599
28610
28621
28624
28626
28627
28631
28638
28640
28647
28673
28683
28686
28688
28698
28700
28704
28712
28713
28714
28723
28726
28727
28731
28734
28736
28749
28750
28751
28757
28760
28771
28782
28791
28799
28804
28837
28841
28843
28847
28850
28872
28880
28884
28890
28895
28902
28907
28919
28923
28924
28925
28928
28930
28933
28936
28939
28940
28946
28972
28976
28985
28987
28991
28997
29005
29017
29021
29025
29026
29027
29035
29039
29053
29068
29073
29074
29089
29095
29096
29104
29128
29131
29138
29146
29159
29161
29171
29177
29180
29209
29211
29217
29218
29222
29227
29231
29232
29239
29240
29244
29253
29254
29255
29256
29275
29276
29278
29289
29296
29297
29302
29309
29318
29323
29339
29359
29369
29371
29379
29384
29413
29418
29422
29440
29480
29485
29495
29499
29500
29503
29515
29518
29520
29536
29537
29541
29544
29545
29546
29560
29574
29586
29589
29595
29600
29606
29623
29632
29636
29639
29640
29642
29646
29647
29650
29653
29659
29669
29678
29683
29687
29692
29695
29699
29703
29712
29719
29722
29741
29742
29746
29754
29755
29757
29758
29767
29773
29774
29779
29784
29785
29786
29797
29799
29803
29806
29824
29826
29844
29849
29854
29859
29874
29875
29892
29894
29895
29902
29921
29925
29928
29929
29940
29944
29945
29954
29961
29964
29966
29986
29987
29998
29999
30003
30009
30014
30043
30047
30055
30067
30073
30090
30096
30132
30141
30142
30145
30148
30161
30175
30176
30178
30187
30193
30194
30208
30217
30220
30227
30251
30263
30268
30270
30271
30278
30282
30285
30291
30293
30295
30298
30309
30312
30314
30315
30337
30341
30344
30345
30346
30353
30354
30361
30363
30364
30378
30386
30398
30403
30410
30416
30421
30427
30428
30436
30437
30439
30463
30475
30480
30481
30483
30486
30493
30498
30501
30504
30507
30514
30529
30531
30561
30562
30572
30574
30579
30585
30587
30588
30591
30608
30611
30619
30626
30627
30629
30633
30634
30637
30643
30647
30650
30653
30660
30663
30667
30674
30694
30716
30724
30727
30743
30756
30770
30771
30787
30813
30818
30819
30820
30821
30838
30842
30843
30844
30866
30876
30884
30894
30896
30900
30901
30912
30922
30935
30940
30941
30943
30955
30972
30973
30979
30987
30992
31001
31024
31026
31031
31035
31038
31039
31042
31043
31050
31052
31054
31084
31091
31096
31102
31109
31115
31120
31124
31128
31130
31134
31137
31142
31147
31153
31155
31162
31163
31167
31168
31189
31192
31205
31207
31219
31220
31237
31258
31259
31265
31266
31267
31271
31277
31278
31285
31286
31293
31297
31304
31305
31308
31313
31321
31322
31328
31334
31335
31357
31359
31391
31396
31397
31399
31403
31418
31424
31467
31469
31471
31490
31492
31493
31500
31504
31506
31522
31530
31534
31558
31581
31582
31588
31589
31605
31617
31631
31637
31640
31645
31646
31662
31664
31668
31671
31682
31685
31689
31692
31704
31708
31710
31712
31724
31726
31744
31745
31750
31753
31758
31773
31780
31784
31793
31794
31797
31826
31852
31858
31859
31862
31865
31867
31878
31879
31883
31886
31890
31897
31906
31908
31910
31916
31928
31932
31946
31948
31951
31956
31957
31965
31980
31983
31989
31996
31999
32003
32004
32005
32009
32016
32022
32024
32025
32026
32036
32047
32048
32053
32054
32056
32057
32063
32069
32073
32084
32096
32097
32112
32119
32120
32124
32134
32137
32146
32155
32157
32161
32187
32190
32207
32212
32222
32223
32242
32245
32248
32250
32256
32260
32276
32292
32309
32320
32324
32330
32334
32342
32357
32363
32371
32375
32386
32389
32390
32395
32399
32411
32415
32416
32428
32431
32439
32442
32465
32470
32489
32493
32498
32500
32504
32511
32514
32516
32525
32526
32533
32536
32540
32542
32560
32566
32582
32587
32590
32599
32618
32630
32632
32634
32644
32651
32660
32671
32675
32681
32689
32717
32730
32733
32742
32764
32774
32778
32779
32785
32786
32807
32812
32822
32837
32839
32849
32853
32863
32873
32879
32886
32891
32899
32902
32910
32919
32923
32926
32930
32931
32938
32940
32944
32961
32964
32965
32975
32982
32983
32989
32991
32992
32993
33008
33009
33023
33026
33030
33035
33037
33042
33044
33045
33048
33049
33063
33067
33074
33088
33099
33106
33123
33146
33151
33162
33170
33173
33182
33195
33207
33211
33214
33215
33217
33226
33228
33235
33246
33255
33256
33274
33275
33279
33280
33291
33292
33298
33316
33325
33330
33341
33342
33364
33368
33369
33372
33376
33379
33383
33396
33400
33407
33419
33421
33424
33429
33442
33455
33464
33470
33475
33483
33485
33488
33491
33496
33497
33551
33561
33576
33583
33585
33592
33607
33609
33615
33624
33638
33639
33640
33641
33659
33660
33663
33668
33669
33674
33683
33691
33693
33698
33718
33737
33768
33771
33785
33789
33794
33813
33814
33818
33822
33833
33834
33835
33840
33848
33855
33889
33891
33899
33903
33913
33917
33918
33924
33931
33941
33943
33950
33951
33955
33957
33966
33967
33988
33994
33996
34009
34016
34018
34019
34023
34030
34035
34040
34041
34042
34044
34051
34053
34055
34063
34079
34081
34093
34107
34111
34115
34117
34118
34119
34121
34130
34131
34132
34136
34141
34143
34144
34145
34155
34160
34162
34163
34169
34180
34185
34187
34203
34204
34205
34209
34214
34230
34235
34239
34243
34251
34256
34259
34289
34292
34316
34326
34329
34336
34338
34344
34347
34349
34357
34359
34360
34372
34386
34389
34390
34394
34400
34401
34403
34404
34420
34428
34432
34439
34452
34455
34456
34458
34462
34476
34478
34495
34508
34511
34521
34534
34540
34541
34549
34559
34564
34566
34567
34573
34574
34595
34598
34599
34630
34631
34633
34649
34650
34653
34665
34674
34679
34691
34694
34700
34717
34718
34749
34776
34778
34779
34785
34786
34794
34798
34799
34800
34812
34817
34820
34823
34827
34828
34839
34862
34864
34865
34870
34879
34886
34888
34902
34916
34919
34921
34928
34946
34959
34963
34965
34969
34975
34984
34987
35014
35019
35038
35044
35072
35073
35074
35084
35089
35091
35094
35122
35135
35155
35156
35173
35175
35176
35177
35182
35183
35191
35192
35197
35201
35205
35227
35232
35237
35241
35242
35246
35250
35270
35277
35284
35288
35292
35298
35302
35307
35310
35313
35315
35320
35321
35322
35325
35333
35345
35351
35360
35362
35363
35381
35392
35398
35413
35418
35419
35425
35427
35428
35431
35434
35437
35440
35444
35470
35474
35484
35488
35497
35504
35506
35513
35526
35529
35530
35535
35544
35546
35551
35570
35579
35582
35583
35588
35590
35601
35602
35606
35612
35614
35619
35634
35635
35636
35649
35664
35667
35674
35675
35692
35708
35711
35712
35726
35727
35732
35738
35745
35748
35762
35766
35768
35775
35779
35781
35791
35795
35840
35865
35872
35874
35899
35901
35904
35910
35918
35923
35924
35928
35934
35939
35945
35948
35949
35951
35953
35955
35959
35964
35965
35967
35983
35989
35992
36006
36014
36021
36023
36031
36032
36040
36052
36059
36063
36064
36066
36076
36096
36101
36122
36133
36138
36143
36146
36147
36152
36153
36158
36169
36173
36176
36187
36202
36203
36216
36219
36260
36270
36290
36293
36300
36309
36319
36335
36336
36337
36352
36364
36366
36385
36397
36406
36414
36419
36427
36429
36431
36446
36454
36455
36456
36469
36472
36477
36482
36485
36487
36490
36496
36498
36519
36520
36522
36528
36539
36552
36568
36569
36578
36584
36588
36591
36610
36612
36615
36639
36649
36650
36682
36689
36690
36698
36705
36706
36712
36716
36720
36726
36728
36730
36735
36746
36749
36752
36756
36757
36765
36774
36781
36816
36817
36824
36825
36834
36838
36842
36845
36846
36855
36863
36870
36876
36894
36895
36899
36902
36903
36908
36927
36931
36933
36936
36947
36951
36952
36957
36959
36962
36970
36983
36995
36999
37009
37020
37030
37054
37082
37109
37114
37119
37123
37126
37127
37133
37134
37136
37139
37140
37143
37145
37146
37159
37170
37177
37191
37193
37201
37206
37207
37212
37226
37231
37232
37243
37250
37257
37262
37265
37279
37280
37283
37293
37297
37302
37307
37327
37335
37337
37346
37348
37367
37372
37373
37385
37399
37409
37416
37432
37438
37443
37444
37462
37468
37474
37484
37489
37493
37501
37512
37526
37529
37530
37548
37549
37552
37554
37561
37569
37570
37572
37576
37594
37603
37640
37641
37657
37658
37662
37667
37678
37686
37687
37694
37696
37700
37704
37709
37710
37711
37727
37728
37733
37769
37775
37781
37782
37783
37789
37799
37804
37816
37819
37821
37831
37834
37836
37843
37848
37859
37865
37869
37871
37878
37881
37884
37888
37889
37897
37898
37899
37906
37908
37913
37920
37921
37929
37930
37931
37935
37937
37951
37966
37972
37985
37987
37995
38007
38011
38013
38014
38019
38030
38031
38038
38040
38046
38061
38074
38084
38087
38091
38094
38101
38104
38109
38115
38119
38122
38138
38144
38160
38164
38169
38171
38172
38173
38177
38187
38275
38281
38284
38296
38302
38306
38308
38310
38311
38315
38318
38320
38327
38332
38334
38351
38353
38362
38392
38404
38414
38421
38427
38436
38439
38443
38451
38457
38463
38464
38466
38475
38493
38495
38496
38497
38498
38499
38502
38503
38507
38513
38516
38517
38525
38526
38533
38534
38538
38544
38545
38552
38555
38577
38583
38598
38611
38613
38620
38623
38626
38628
38633
38656
38657
38670
38672
38678
38680
38684
38685
38711
38712
38714
38720
38723
38727
38728
38742
38744
38748
38749
38754
38755
38763
38784
38786
38790
38791
38797
38798
38813
38814
38816
38818
38819
38824
38827
38837
38843
38844
38853
38859
38896
38915
38924
38940
38943
38948
38961
38968
38975
38980
39001
39009
39038
39044
39049
39061
39071
39072
39078
39079
39080
39086
39087
39088
39089
39098
39104
39105
39112
39117
39118
39128
39131
39133
39142
39164
39170
39173
39174
39178
39191
39196
39198
39209
39210
39232
39256
39271
39278
39281
39289
39292
39296
39299
39301
39310
39318
39323
39336
39337
39342
39371
39379
39380
39402
39403
39408
39410
39414
39420
39423
39429
39430
39437
39441
39444
39455
39465
39468
39469
39473
39476
39489
39501
39503
39505
39506
39517
39529
39533
39534
39536
39545
39549
39550
39555
39556
39561
39565
39575
39580
39581
39584
39585
39587
39591
39595
39608
39609
39611
39617
39620
39623
39624
39633
39636
39660
39669
39687
39696
39700
39715
39717
39720
39732
39745
39750
39752
39754
39755
39760
39764
39767
39769
39771
39788
39789
39792
39804
39810
39812
39813
39817
39822
39825
39828
39834
39839
39840
39843
39848
39864
39866
39869
39876
39878
39880
39886
39887
39890
39901
39904
39906
39909
39920
39922
39923
39929
39938
39945
39948
39950
39952
39956
39962
39977
39984
39989
39990
39993
39996
40001
40005
40011
40013
40019
40023
40030
40037
40041
40043
40051
40056
40073
40079
40086
40089
40093
40094
40095
40107
40109
40110
40114
40118
40133
40134
40135
40141
40148
40149
40151
40160
40162
40163
40181
40183
40188
40195
40201
40202
40205
40210
40218
40226
40240
40242
40249
40255
40256
40257
40260
40270
40274
40280
40290
40291
40292
40293
40308
40310
40311
40317
40330
40331
40333
40334
40337
40344
40346
40349
40352
40353
40364
40368
40372
40373
40379
40385
40392
40405
40408
40412
40415
40416
40423
40438
40453
40454
40455
40463
40465
40471
40474
40485
40492
40503
40515
40518
40519
40535
40553
40561
40569
40583
40585
40599
40601
40608
40609
40611
40622
40624
40627
40631
40640
40641
40643
40648
40649
40659
40689
40706
40717
40719
40729
40735
40742
40743
40750
40756
40757
40770
40771
40773
40788
40797
40800
40802
40810
40811
40823
40832
40835
40838
40845
40853
40864
40875
40878
40879
40894
40897
40900
40912
40921
40926
40929
40933
40938
40948
40954
40957
40958
40961
40963
40966
40969
40975
40977
40981
40985
40989
40991
41006
41012
41015
41019
41021
41023
41025
41036
41039
41045
41049
41059
41069
41070
41071
41072
41082
41086
41089
41107
41113
41116
41119
41121
41122
41133
41138
41139
41170
41172
41188
41208
41210
41213
41215
41217
41233
41238
41243
41247
41248
41254
41263
41265
41278
41286
41288
41310
41317
41320
41327
41332
41345
41350
41352
41355
41365
41386
41392
41394
41395
41409
41410
41419
41424
41425
41429
41431
41437
41445
41447
41449
41455
41458
41465
41468
41476
41478
41479
41482
41498
41511
41516
41527
41529
41532
41536
41545
41548
41553
41572
41585
41588
41594
41596
41609
41610
41613
41623
41633
41636
41651
41652
41655
41669
41674
41676
41679
41684
41686
41694
41696
41699
41701
41726
41738
41744
41746
41749
41761
41766
41769
41780
41782
41801
41802
41804
41805
41808
41809
41812
41816
41828
41837
41839
41850
41853
41854
41868
41870
41886
41888
41891
41893
41894
41896
41904
41924
41932
41934
41936
41938
41944
41946
41948
41950
41957
41960
41965
41970
41973
41978
41980
41981
42008
42015
42020
42026
42048
42053
42064
42065
42066
42067
42071
42073
42082
42086
42089
42090
42094
42101
42109
42122
42140
42152
42155
42157
42159
42161
42162
42165
42170
42174
42190
42206
42207
42220
42222
42230
42233
42235
42236
42237
42242
42249
42250
42271
42272
42276
42279
42299
42319
42341
42362
42365
42366
42369
42384
42385
42392
42396
42405
42408
42410
42420
42422
42423
42424
42426
42427
42428
42434
42447
42451
42452
42469
42471
42474
42475
42486
42489
42491
42499
42509
42524
42542
42564
42567
42581
42588
42590
42617
42618
42627
42629
42640
42643
42651
42657
42658
42662
42663
42674
42681
42703
42716
42725
42726
42748
42749
42764
42775
42781
42782
42786
42789
42798
42806
42810
42821
42829
42832
42837
42857
42875
42879
42885
42888
42897
42898
42909
42911
42915
42926
42932
42936
42948
42960
42972
42974
42977
42981
42983
43001
43003
43009
43021
43026
43034
43061
43080
43084
43087
43093
43110
43122
43124
43127
43138
43140
43154
43156
43172
43178
43179
43195
43199
43203
43212
43215
43222
43236
43244
43245
43250
43251
43253
43267
43275
43277
43281
43283
43298
43299
43301
43305
43308
43311
43312
43314
43316
43320
43323
43332
43333
43335
43340
43342
43351
43355
43364
43373
43383
43393
43404
43408
43410
43426
43433
43441
43450
43453
43461
43471
43472
43474
43476
43484
43490
43494
43500
43504
43505
43515
43520
43525
43529
43532
43553
43562
43567
43572
43581
43585
43602
43605
43609
43616
43621
43622
43635
43636
43639
43642
43643
43650
43651
43668
43671
43680
43695
43709
43717
43719
43723
43728
43733
43745
43746
43764
43769
43771
43787
43801
43803
43827
43829
43833
43841
43847
43855
43860
43881
43882
43883
43884
43885
43888
43903
43909
43916
43935
43939
43978
43982
44003
44012
44020
44021
44022
44042
44049
44052
44054
44059
44064
44079
44082
44103
44107
44122
44126
44133
44136
44141
44148
44150
44152
44162
44164
44166
44173
44188
44189
9
147
203
222
239
247
385
428
440
447
