6691
11
19
20
28
37
46
49
52
61
66
69
70
72
80
108
112
115
120
133
138
140
144
149
164
174
180
183
201
205
206
223
227
232
237
240
241
244
264
268
279
281
286
304
308
323
324
333
337
342
352
362
368
369
370
372
375
380
394
397
401
407
412
413
418
420
440
447
455
462
463
476
496
504
509
510
514
535
536
551
552
559
566
568
575
590
594
595
607
612
615
622
628
644
650
654
656
658
667
674
700
701
705
717
728
732
733
758
761
771
777
781
782
784
792
816
829
832
836
848
851
853
867
870
887
892
894
901
903
909
919
929
931
937
953
955
956
976
999
1007
1008
1027
1030
1036
1041
1042
1067
1072
1075
1079
1089
1099
1104
1110
1115
1120
1122
1136
1151
1156
1168
1182
1199
1211
1222
1226
1229
1245
1248
1266
1306
1312
1315
1336
1343
1344
1373
1374
1387
1389
1390
1391
1411
1430
1434
1441
1444
1457
1460
1464
1490
1508
1513
1516
1521
1523
1524
1529
1531
1539
1545
1557
1567
1582
1594
1598
1601
1603
1611
1628
1632
1637
1652
1653
1655
1656
1658
1666
1668
1679
1683
1685
1693
1701
1717
1723
1730
1735
1745
1749
1751
1755
1757
1775
1781
1785
1788
1798
1800
1813
1817
1821
1825
1839
1858
1873
1889
1892
1896
1900
1911
1914
1931
1934
1942
1943
1950
1966
1967
1969
1973
1974
1991
2019
2025
2047
2056
2060
2078
2084
2085
2120
2125
2128
2158
2160
2166
2172
2183
2232
2244
2249
2250
2252
2255
2257
2273
2274
2277
2288
2293
2294
2300
2313
2326
2329
2334
2335
2343
2351
2360
2365
2371
2412
2419
2431
2435
2438
2443
2468
2471
2481
2482
2484
2488
2504
2518
2526
2529
2537
2538
2541
2547
2568
2569
2574
2582
2594
2598
2602
2603
2607
2627
2636
2651
2665
2676
2680
2683
2684
2722
2724
2725
2728
2732
2745
2747
2751
2762
2771
2773
2780
2793
2806
2816
2826
2837
2840
2849
2889
2890
2892
2898
2906
2918
2919
2923
2927
2928
2931
2934
2939
2941
2950
2951
2953
2954
2957
2972
2973
2977
2990
2991
2996
2997
3001
3002
3004
3006
3007
3022
3036
3047
3050
3051
3056
3061
3065
3080
3088
3091
3093
3096
3100
3121
3126
3154
3165
3174
3177
3181
3182
3200
3209
3213
3222
3226
3229
3233
3237
3243
3246
3251
3261
3264
3272
3276
3278
3279
3292
3295
3311
3317
3332
3338
3345
3349
3351
3358
3359
3363
3365
3383
3384
3394
3412
3424
3428
3433
3435
3456
3471
3474
3487
3490
3495
3498
3501
3505
3509
3514
3516
3520
3521
3530
3537
3539
3545
3547
3552
3555
3556
3562
3566
3567
3573
3577
3584
3594
3598
3600
3610
3622
3623
3624
3639
3640
3642
3643
3648
3675
3685
3694
3697
3699
3700
3707
3711
3712
3713
3721
3731
3732
3738
3743
3749
3751
3759
3767
3773
3777
3779
3794
3795
3814
3819
3821
3837
3842
3849
3851
3854
3855
3859
3865
3866
3872
3874
3878
3879
3880
3897
3927
3931
3938
3948
3951
3955
3962
3966
3967
3968
3979
3980
3982
4013
4017
4019
4025
4034
4037
4040
4045
4046
4050
4058
4069
4072
4105
4107
4127
4131
4132
4133
4134
4138
4162
4163
4166
4173
4176
4183
4189
4192
4198
4200
4206
4208
4210
4215
4220
4228
4230
4238
4239
4244
4258
4263
4268
4280
4282
4285
4291
4302
4329
4342
4348
4355
4365
4366
4371
4374
4379
4380
4385
4391
4404
4437
4440
4455
4462
4464
4468
4480
4482
4500
4517
4526
4540
4542
4548
4552
4575
4579
4587
4592
4613
4616
4624
4632
4636
4649
4656
4663
4667
4686
4699
4702
4705
4712
4713
4714
4719
4726
4750
4758
4763
4764
4768
4781
4788
4793
4796
4798
4799
4801
4810
4821
4827
4832
4842
4848
4849
4858
4872
4878
4883
4903
4913
4914
4939
4940
4943
4947
4949
4959
4962
4967
4970
4971
5003
5040
5046
5082
5084
5105
5114
5116
5117
5125
5127
5135
5136
5141
5162
5163
5173
5180
5184
5189
5190
5212
5217
5227
5232
5235
5237
5239
5244
5248
5251
5272
5277
5280
5285
5297
5298
5306
5333
5351
5365
5371
5372
5376
5381
5382
5390
5393
5396
5397
5400
5401
5404
5411
5412
5414
5416
5417
5422
5428
5436
5440
5450
5462
5463
5465
5467
5479
5506
5515
5525
5537
5539
5540
5546
5557
5574
5576
5581
5608
5612
5626
5636
5641
5646
5649
5659
5667
5670
5680
5682
5685
5696
5700
5705
5714
5721
5733
5739
5744
5746
5768
5770
5788
5791
5795
5802
5811
5813
5830
5835
5844
5846
5851
5853
5865
5866
5879
5884
5887
5896
5902
5913
5935
5936
5952
5956
5961
5962
5966
5992
5998
6015
6031
6032
6044
6049
6052
6064
6065
6067
6078
6079
6085
6093
6100
6101
6103
6110
6120
6128
6130
6134
6140
6145
6150
6163
6164
6170
6183
6185
6187
6197
6200
6204
6233
6252
6261
6264
6269
6276
6280
6281
6282
6284
6286
6304
6309
6315
6326
6334
6336
6366
6374
6386
6391
6393
6398
6410
6425
6436
6446
6448
6450
6451
6454
6458
6470
6476
6479
6491
6495
6496
6500
6505
6517
6528
6550
6566
6574
6579
6590
6591
6592
6594
6602
6610
6630
6642
6643
6649
6652
6659
6671
6688
6699
6702
6712
6713
6728
6734
6740
6770
6779
6784
6790
6796
6799
6800
6803
6809
6813
6815
6836
6840
6851
6867
6888
6901
6902
6913
6921
6944
6950
6956
6974
6975
7009
7010
7011
7013
7016
7024
7028
7031
7038
7045
7047
7064
7075
7077
7078
7079
7081
7084
7089
7105
7115
7116
7126
7128
7138
7155
7164
7171
7174
7182
7183
7190
7201
7203
7204
7210
7218
7225
7226
7231
7234
7236
7255
7271
7276
7285
7291
7295
7303
7308
7309
7319
7321
7322
7324
7326
7329
7332
7337
7340
7345
7351
7354
7361
7362
7363
7376
7385
7393
7394
7396
7404
7413
7415
7423
7436
7449
7456
7497
7517
7519
7522
7523
7524
7535
7538
7551
7557
7560
7563
7567
7576
7577
7578
7611
7617
7618
7623
7630
7634
7639
7647
7654
7658
7660
7665
7677
7684
7686
7691
7698
7709
7715
7733
7734
7738
7742
7765
7769
7776
7779
7785
7786
7790
7791
7829
7833
7834
7840
7851
7856
7878
7890
7902
7904
7924
7927
7931
7936
7938
7940
7950
7960
7961
7962
7969
7973
7976
7977
7988
8002
8007
8008
8010
8028
8039
8067
8070
8078
8082
8084
8101
8105
8114
8120
8138
8154
8157
8166
8172
8186
8198
8214
8234
8239
8243
8244
8253
8255
8284
8289
8294
8295
8297
8304
8314
8320
8327
8334
8336
8352
8353
8358
8363
8377
8381
8389
8397
8411
8437
8440
8443
8465
8480
8488
8493
8504
8516
8519
8545
8550
8557
8563
8586
8588
8597
8608
8613
8624
8631
8637
8641
8646
8654
8675
8679
8682
8686
8691
8696
8697
8716
8722
8731
8734
8738
8760
8765
8775
8777
8783
8793
8794
8798
8805
8814
8820
8824
8836
8842
8858
8870
8871
8880
8893
8895
8898
8913
8920
8928
8933
8938
8945
8947
8948
8949
8951
8952
8956
8962
8976
8999
9012
9015
9017
9019
9034
9044
9056
9068
9094
9098
9100
9132
9135
9142
9143
9153
9154
9171
9172
9175
9176
9185
9188
9192
9195
9196
9199
9214
9246
9265
9271
9283
9291
9307
9319
9325
9327
9331
9345
9355
9359
9382
9391
9417
9421
9426
9433
9437
9440
9443
9445
9457
9467
9491
9503
9507
9514
9530
9544
9554
9555
9568
9573
9582
9596
9597
9599
9610
9617
9634
9643
9652
9681
9682
9686
9689
9701
9704
9708
9711
9735
9744
9747
9758
9783
9785
9793
9796
9805
9818
9823
9829
9842
9861
9868
9884
9895
9898
9902
9903
9904
9908
9911
9934
9937
9962
9963
9964
9975
9978
9994
9999
10002
10014
10029
10044
10046
10051
10052
10055
10063
10082
10086
10098
10102
10117
10125
10134
10157
10163
10176
10182
10186
10189
10213
10236
10274
10280
10284
10288
10289
10302
10321
10327
10329
10330
10332
10342
10390
10404
10410
10413
10414
10417
10424
10426
10430
10438
10441
10443
10446
10451
10452
10455
10456
10460
10461
10465
10471
10474
10476
10500
10505
10506
10507
10512
10528
10550
10551
10562
10566
10574
10582
10587
10591
10602
10615
10623
10629
10632
10639
10659
10669
10674
10680
10699
10708
10710
10712
10713
10736
10740
10741
10749
10752
10756
10759
10770
10771
10776
10780
10788
10792
10793
10796
10799
10820
10822
10830
10833
10837
10844
10850
10852
10876
10880
10884
10887
10906
10919
10920
10922
10928
10933
10936
10938
10950
10985
10989
10992
10997
10999
11000
11001
11002
11008
11017
11020
11029
11035
11043
11052
11054
11061
11069
11076
11098
11107
11109
11123
11124
11130
11167
11169
11173
11183
11190
11193
11201
11213
11221
11222
11229
11238
11253
11258
11265
11267
11278
11289
11291
11300
11308
11313
11320
11330
11335
11336
11359
11368
11378
11379
11380
11386
11395
11400
11411
11422
11427
11437
11441
11448
11456
11471
11476
11481
11488
11495
11517
11525
11531
11535
11541
11543
11552
11562
11564
11571
11572
11573
11592
11594
11597
11600
11604
11605
11629
11632
11647
11653
11662
11663
11670
11676
11688
11704
11710
11712
11716
11719
11720
11721
11725
11728
11729
11735
11738
11745
11747
11749
11750
11753
11759
11761
11763
11770
11776
11783
11806
11807
11813
11817
11819
11822
11824
11837
11839
11841
11842
11846
11851
11853
11855
11878
11887
11888
11893
11909
11910
11911
11934
11954
11957
11959
11962
11967
11970
11974
11986
11989
11999
12007
12016
12017
12041
12047
12054
12059
12069
12088
12094
12103
12106
12107
12120
12127
12138
12141
12146
12160
12163
12169
12172
12174
12183
12186
12190
12215
12229
12232
12234
12237
12242
12251
12259
12260
12262
12289
12294
12304
12324
12329
12336
12337
12339
12343
12348
12377
12387
12390
12399
12427
12432
12437
12447
12454
12517
12519
12522
12528
12532
12535
12536
12546
12549
12559
12564
12567
12568
12580
12587
12602
12605
12613
12616
12623
12643
12645
12649
12653
12659
12665
12670
12674
12677
12689
12696
12701
12715
12718
12723
12737
12749
12753
12759
12765
12789
12801
12815
12827
12847
12850
12854
12855
12864
12870
12872
12877
12891
12892
12900
12909
12913
12932
12939
12942
12944
12955
12956
12957
12995
13000
13001
13006
13007
13037
13038
13042
13047
13054
13061
13069
13074
13080
13090
13093
13112
13118
13129
13144
13154
13156
13180
13182
13193
13234
13236
13238
13239
13252
13274
13277
13282
13284
13290
13293
13300
13307
13315
13319
13340
13348
13354
13373
13386
13402
13416
13420
13426
13439
13441
13450
13452
13453
13457
13461
13464
13467
13473
13491
13495
13498
13500
13501
13507
13510
13513
13515
13521
13528
13537
13545
13546
13550
13553
13564
13568
13582
13584
13593
13596
13601
13602
13607
13610
13611
13617
13620
13621
13643
13646
13655
13656
13658
13664
13669
13673
13689
13695
13696
13697
13705
13709
13717
13748
13749
13750
13758
13760
13764
13770
13771
13774
13800
13803
13809
13811
13814
13818
13837
13845
13846
13858
13895
13913
13924
13945
13960
13962
13964
13965
13993
13999
14005
14018
14026
14027
14031
14034
14040
14049
14055
14056
14057
14063
14065
14070
14072
14075
14077
14079
14080
14083
14089
14095
14099
14108
14116
14117
14122
14146
14163
14165
14184
14186
14189
14192
14204
14207
14209
14219
14222
14236
14251
14263
14266
14267
14268
14272
14274
14291
14293
14294
14295
14302
14308
14310
14312
14315
14317
14330
14339
14343
14371
14372
14374
14376
14387
14401
14408
14412
14425
14428
14435
14438
14442
14449
14463
14481
14488
14500
14501
14504
14509
14514
14518
14519
14532
14534
14539
14545
14553
14576
14595
14611
14616
14631
14642
14647
14651
14652
14654
14655
14685
14695
14696
14713
14715
14725
14737
14746
14752
14757
14759
14761
14773
14786
14789
14800
14801
14806
14812
14814
14815
14832
14839
14842
14859
14870
14871
14884
14890
14896
14900
14906
14910
14912
14926
14931
14936
14941
14948
14950
14964
14972
14975
14980
14993
14995
14997
14998
15004
15008
15012
15015
15025
15029
15054
15076
15082
15083
15091
15093
15094
15103
15119
15131
15132
15137
15154
15179
15180
15206
15220
15223
15229
15236
15249
15259
15261
15287
15292
15298
15305
15313
15314
15316
15320
15327
15335
15339
15347
15362
15370
15378
15382
15383
15399
15408
15418
15424
15432
15444
15456
15457
15460
15466
15468
15489
15497
15499
15506
15510
15512
15536
15561
15602
15604
15606
15623
15631
15669
15671
15682
15686
15691
15693
15706
15719
15723
15728
15735
15736
15741
15744
15757
15767
15778
15782
15785
15786
15788
15799
15808
15812
15815
15818
15828
15831
15838
15859
15863
15868
15875
15878
15879
15880
15887
15889
15895
15902
15909
15917
15940
15941
15945
15966
15967
15971
15973
15978
15982
15991
16018
16022
16028
16041
16049
16067
16070
16071
16072
16075
16081
16086
16091
16098
16100
16111
16122
16125
16130
16140
16144
16151
16170
16182
16192
16197
16202
16204
16215
16225
16229
16233
16240
16243
16246
16250
16252
16259
16260
16265
16268
16281
16290
16291
16300
16305
16313
16320
16333
16336
16346
16348
16364
16370
16371
16375
16384
16390
16398
16426
16442
16454
16469
16472
16479
16493
16495
16497
16508
16525
16528
16530
16531
16534
16537
16541
16548
16551
16554
16561
16564
16571
16587
16597
16599
16601
16603
16607
16608
16609
16626
16631
16635
16637
16641
16650
16654
16655
16663
16671
16675
16696
16702
16705
16713
16721
16733
16739
16748
16755
16763
16764
16766
16776
16797
16798
16803
16817
16828
16835
16848
16853
16870
16874
16887
16890
16893
16898
16909
16910
16914
16923
16933
16949
16950
16955
16968
16972
16973
16976
16977
16981
16985
16986
16998
17024
17030
17032
17037
17040
17060
17064
17083
17086
17093
17095
17100
17105
17120
17123
17136
17140
17141
17142
17144
17158
17188
17206
17215
17241
17242
17243
17260
17262
17277
17279
17282
17290
17296
17298
17300
17301
17302
17309
17310
17327
17330
17332
17333
17336
17343
17349
17351
17353
17355
17364
17370
17374
17375
17377
17383
17397
17404
17419
17425
17428
17436
17445
17450
17452
17465
17466
17470
17471
17480
17482
17485
17491
17498
17500
17501
17502
17506
17508
17510
17514
17517
17518
17538
17546
17559
17561
17563
17564
17566
17569
17578
17579
17583
17605
17607
17612
17615
17618
17624
17628
17638
17639
17650
17695
17698
17699
17700
17702
17703
17713
17718
17721
17723
17735
17741
17745
17748
17749
17760
17761
17764
17768
17771
17772
17773
17792
17822
17826
17827
17828
17834
17836
17837
17844
17847
17849
17856
17859
17903
17904
17910
17918
17919
17923
17932
17941
17942
17950
17957
17962
17968
17984
17986
17990
17992
17999
18004
18007
18008
18012
18032
18042
18046
18047
18049
18065
18071
18072
18087
18092
18114
18128
18137
18139
18143
18179
18182
18186
18193
18203
18205
18207
18208
18217
18224
18237
18247
18253
18257
18284
18288
18310
18327
18328
18332
18345
18355
18356
18368
18371
18381
18382
18390
18403
18409
18413
18415
18429
18432
18435
18439
18446
18447
18457
18460
18465
18468
18486
18487
18489
18510
18515
18516
18521
18527
18528
18529
18531
18541
18544
18551
18554
18555
18556
18564
18578
18593
18594
18609
18612
18627
18633
18635
18640
18642
18644
18647
18655
18671
18675
18679
18690
18694
18697
18706
18715
18717
18722
18725
18732
18737
18738
18754
18759
18767
18775
18792
18808
18810
18813
18814
18815
18819
18829
18832
18841
18844
18847
18859
18873
18877
18886
18888
18898
18900
18904
18920
18921
18928
18949
18961
18965
18970
18972
18977
18982
18984
18985
18992
18994
18997
19012
19018
19022
19033
19036
19039
19048
19049
19057
19061
19068
19072
19077
19081
19084
19101
19107
19109
19135
19146
19157
19162
19164
19166
19178
19222
19224
19229
19237
19238
19244
19248
19250
19256
19260
19268
19281
19287
19301
19306
19309
19314
19339
19346
19364
19369
19383
19391
19399
19403
19404
19406
19413
19420
19423
19425
19433
19439
19443
19446
19447
19460
19468
19476
19482
19487
19491
19492
19502
19508
19509
19526
19527
19533
19534
19535
19537
19544
19550
19567
19573
19580
19585
19607
19611
19623
19627
19630
19647
19656
19667
19676
19681
19687
19696
19701
19707
19712
19714
19727
19738
19741
19749
19757
19758
19773
19799
19814
19819
19834
19836
19848
19853
19856
19866
19875
19878
19883
19884
19887
19890
19911
19913
19920
19932
19946
19949
19950
19952
19954
19963
19965
19971
19973
19975
19980
19986
19987
19989
19995
20000
20001
20002
20011
20018
20028
20030
20044
20045
20047
20052
20054
20058
20069
20080
20081
20088
20089
20099
20105
20116
20119
20120
20131
20135
20146
20147
20151
20157
20166
20172
20179
20184
20185
20187
20189
20195
20207
20222
20223
20233
20238
20245
20254
20260
20262
20264
20265
20273
20287
20292
20296
20304
20307
20308
20334
20341
20346
20348
20365
20377
20379
20388
20398
20399
20403
20404
20426
20428
20431
20435
20440
20441
20442
20475
20477
20483
20491
20494
20500
20506
20507
20513
20515
20517
20518
20528
20535
20538
20550
20553
20561
20567
20576
20595
20602
20622
20627
20632
20637
20644
20647
20658
20659
20661
20666
20694
20702
20709
20711
20732
20742
20745
20760
20780
20781
20791
20804
20811
20813
20824
20825
20828
20837
20847
20856
20863
20864
20869
20870
20873
20927
20929
20934
20935
20936
20941
20947
20948
20974
20979
20982
20988
20989
20996
20997
21028
21035
21051
21055
21057
21062
21066
21069
21077
21086
21090
21094
21109
21122
21138
21163
21165
21166
21215
21221
21224
21228
21247
21256
21260
21262
21269
21270
21271
21277
21278
21280
21290
21308
21313
21323
21326
21329
21335
21337
21341
21345
21354
21361
21368
21375
21378
21382
21390
21400
21404
21407
21409
21418
21435
21436
21446
21455
21464
21474
21484
21518
21519
21527
21528
21536
21559
21560
21585
21602
21609
21610
21614
21634
21639
21641
21646
21653
21660
21662
21667
21680
21687
21733
21748
21750
21763
21787
21825
21835
21840
21848
21855
21862
21864
21876
21877
21879
21888
21889
21907
21913
21915
21916
21932
21952
21953
21960
21965
21966
21968
21971
21988
21995
21996
22004
22008
22012
22016
22045
22047
22062
22068
22071
22083
22084
22087
22097
22108
22114
22139
22142
22144
22152
22154
22164
22169
22184
22185
22200
22204
22212
22218
22250
22269
22285
22293
22296
22304
22306
22313
22330
22343
22346
22357
22365
22366
22371
22375
22378
22379
22382
22387
22388
22395
22401
22405
22435
22436
22447
22460
22463
22468
22476
22477
22478
22491
22493
22498
22499
22501
22521
22524
22529
22578
22583
22592
22601
22603
22604
22609
22611
22624
22632
22654
22655
22666
22676
22678
22680
22681
22684
22692
22704
22715
22729
22744
22748
22769
22773
22776
22779
22788
22795
22809
22811
22817
22821
22850
22871
22892
22910
22915
22921
22941
22943
22948
22950
22951
22953
22970
22983
22984
22987
23033
23045
23049
23064
23065
23067
23071
23085
23102
23107
23108
23113
23119
23126
23127
23135
23137
23141
23166
23180
23189
23194
23203
23208
23222
23223
23230
23232
23246
23267
23271
23288
23290
23292
23293
23298
23302
23304
23308
23312
23315
23316
23317
23318
23327
23338
23346
23348
23355
23375
23394
23398
23400
23414
23416
23419
23433
23435
23436
23453
23455
23456
23459
23465
23469
23471
23481
23501
23507
23514
23520
23521
23535
23554
23557
23563
23572
23574
23583
23585
23591
23599
23601
23602
23606
23610
23614
23617
23627
23645
23649
23652
23655
23662
23663
23666
23668
23671
23679
23682
23688
23689
23693
23695
23709
23710
23722
23724
23725
23733
23735
23742
23757
23762
23765
23768
23787
23792
23794
23796
23799
23802
23805
23809
23810
23815
23818
23820
23825
23829
23831
23832
23840
23844
23875
23878
23883
23884
23898
23913
23916
23919
23920
23926
23938
23939
23943
23954
23955
23961
23971
23979
23982
23985
23993
23996
24002
24005
24010
24016
24020
24021
24022
24045
24061
24092
24104
24111
24115
24117
24119
24121
24131
24142
24143
24158
24159
24165
24167
24179
24180
24196
24201
24207
24209
24210
24219
24257
24259
24262
24273
24275
24280
24283
24285
24299
24306
24322
24348
24352
24393
24394
24396
24432
24435
24437
24441
24450
24457
24465
24476
24479
24494
24499
24513
24514
24516
24517
24520
24527
24531
24548
24555
24556
24568
24570
24573
24576
24596
24599
24600
24601
24607
24620
24621
24622
24635
24643
24645
24651
24673
24682
24684
24720
24721
24724
24747
24762
24777
24789
24796
24799
24832
24837
24838
24847
24848
24851
24855
24861
24867
24868
24869
24874
24885
24895
24896
24904
24918
24938
24950
24954
24961
24967
24968
24979
24983
24989
24992
25002
25006
25008
25012
25021
25022
25032
25040
25045
25059
25063
25077
25083
25088
25096
25105
25106
25122
25123
25142
25159
25165
25168
25172
25175
25176
25184
25185
25201
25206
25209
25221
25235
25237
25252
25258
25266
25270
25274
25281
25283
25293
25300
25302
25305
25309
25318
25345
25346
25350
25352
25357
25361
25374
25376
25387
25398
25409
25425
25431
25433
25435
25445
25449
25453
25457
25459
25462
25467
25470
25472
25474
25479
25501
25503
25504
25526
25536
25538
25542
25554
25562
25563
25574
25575
25589
25605
25613
25618
25619
25627
25634
25636
25649
25650
25654
25663
25669
25671
25675
25688
25698
25700
25702
25708
25711
25737
25752
25754
25766
25768
25773
25780
25804
25822
25832
25833
25839
25855
25856
25869
25870
25886
25896
25897
25899
25903
25910
25916
25919
25923
25927
25932
25944
25962
25968
25973
25982
26000
26001
26006
26018
26029
26034
26041
26056
26061
26063
26074
26102
26109
26115
26138
26155
26158
26160
26162
26176
26178
26184
26186
26200
26203
26210
26221
26228
26230
26236
26253
26254
26267
26271
26274
26278
26279
26285
26286
26314
26316
26321
26322
26330
26339
26345
26347
26348
26350
26352
26379
26395
26398
26399
26401
26408
26410
26422
26441
26444
26446
26448
26455
26462
26469
26471
26472
26496
26515
26532
26540
26545
26551
26563
26573
26593
26604
26605
26608
26625
26633
26640
26660
26662
26686
26688
26689
26690
26696
26698
26701
26703
26718
26745
26761
26767
26776
26795
26821
26827
26842
26851
26864
26879
26880
26881
26895
26898
26910
26911
26914
26928
26950
26958
26963
26968
26970
26972
26978
26986
26995
26996
27010
27013
27018
27026
27028
27045
27046
27053
27054
27057
27066
27073
27089
27100
27104
27109
27110
27113
27114
27129
27131
27146
27147
27148
27156
27158
27166
27178
27182
27190
27205
27211
27212
27228
27231
27235
27241
27242
27245
27262
27280
27283
27284
27291
27299
27300
27301
27325
27328
27330
27343
27348
27371
27375
27377
27387
27391
27400
27401
27409
27436
27445
27453
27457
27468
27479
27483
27498
27501
27504
27536
27555
27566
27574
27578
27581
27587
27601
27614
27618
27620
27628
27651
27652
27658
27661
27672
27686
27687
27689
27699
27715
27717
27723
27739
27742
27743
27755
27756
27758
27771
27772
27776
27783
27790
27798
27801
27803
27805
27816
27819
27832
27840
27847
27850
27854
27872
27878
27879
27882
27884
27887
27889
27897
27922
27924
27931
27956
27957
27962
27967
27988
27989
27993
27996
28004
28014
28015
28016
28025
28034
28038
28043
28052
28059
28070
28093
28094
28095
28105
28113
28121
28129
28136
28149
28152
28159
28166
28174
28185
28187
28215
28221
28222
28223
28231
28241
28243
28257
28258
28267
28271
28274
28285
28292
28310
28319
28324
28326
28347
28349
28353
28364
28370
28381
28390
28417
28427
28431
28436
28438
28443
28446
28449
28459
28460
28463
28483
28490
28499
28501
28504
28514
28516
28522
28533
28553
28554
28573
28582
28594
28614
28620
28626
28632
28638
28641
28647
28648
28655
28665
28666
28674
28675
28680
28681
28689
28690
28699
28709
28710
28712
28720
28741
28751
28753
28756
28758
28772
28774
28777
28781
28785
28794
28805
28809
28810
28813
28818
28829
28830
28831
28842
28850
28852
28876
28887
28889
28895
28914
28918
28920
28930
28932
28934
28944
28945
28948
28970
28982
28986
28994
28996
29020
29028
29046
29056
29071
29084
29087
29089
29103
29123
29125
29133
29137
29158
29164
29185
29187
29188
29198
29201
29208
29212
29215
29216
29219
29222
29224
29227
29231
29236
29245
29257
29258
29300
29303
29304
29307
29332
29352
29361
29366
29375
29382
29383
29385
29388
29392
29406
29411
29414
29420
29422
29428
29440
29441
29451
29453
29454
29468
29474
29480
29500
29502
29509
29510
29521
29523
29530
29531
29535
29539
29541
29542
29547
29557
29558
29559
29566
29567
29569
29574
29579
29584
29586
29596
29601
29604
29610
29620
29631
29634
29652
29653
29655
29674
29676
29678
29686
29700
29710
29728
29729
29735
29740
29742
29744
29764
29771
29800
29804
29825
29829
29835
29856
29873
29874
29878
29911
29923
29931
29936
29951
29984
29985
29987
29990
29991
29992
29993
30013
30015
30017
30018
30022
30030
30032
30046
30053
30059
30071
30084
30085
30090
30094
30096
30128
30132
30134
30145
30153
30156
30157
30158
30161
30165
30179
30180
30207
30231
30233
30240
30243
30246
30248
30260
30263
30265
30271
30280
30287
30293
30299
30300
30310
30318
30333
30336
30338
30341
30344
30358
30361
30374
30380
30395
30396
30418
30423
30425
30430
30431
30436
30456
30460
30486
30491
30502
30505
30510
30514
30526
30527
30529
30543
30544
30550
30551
30560
30569
30581
30595
30599
30612
30614
30615
30616
30623
30625
30631
30633
30641
30654
30657
30662
30686
30689
30693
30697
30698
30709
30712
30722
30729
30730
30745
30749
30751
30759
30762
30764
30776
30796
30814
30819
30824
30825
30834
30838
30855
30865
30869
30870
30882
30886
30906
30917
30921
30924
30930
30940
30948
30957
30958
30960
30965
30968
30971
30975
30980
30985
31003
31021
31023
31038
31044
31045
31051
31062
31067
31072
31086
31090
31091
31094
31096
31101
31102
31106
31132
31145
31146
31151
31153
31160
31167
31180
31197
31203
31208
31219
31222
31224
31225
31237
31250
31254
31256
31264
31281
31283
31294
31299
31301
31302
31307
31318
31323
31332
31376
31381
31408
31410
31439
31442
31443
31457
31460
31463
31465
31467
31473
31475
31492
31496
31513
31514
31515
31517
31527
31559
31560
31565
31568
31572
31576
31589
31601
31604
31615
31624
31626
31627
31629
31651
31658
31664
31665
31671
31674
31681
31689
31692
31706
31709
31711
31718
31729
31730
31742
31745
31747
31757
31758
31761
31768
31770
31777
31780
31782
31784
31849
31853
31855
31856
31857
31861
31866
31871
31884
31888
31889
31906
31912
31929
31930
31942
31943
31951
31955
31957
31971
31982
31987
31993
31994
31995
31996
32018
32036
32039
32053
32054
32056
32058
32061
32068
32073
32078
32079
32088
32090
32094
32106
32108
32118
32119
32135
32139
32144
32158
32174
32178
32180
32189
32205
32206
32214
32224
32240
32243
32250
32257
32263
32271
32273
32277
32286
32294
32297
32320
32326
32330
32331
32334
32342
32345
32347
32350
32356
32358
32362
32375
32379
32388
32393
32404
32405
32407
32408
32410
32412
32416
32418
32424
32425
32444
32447
32449
32459
32473
32484
32488
32490
32498
32499
32500
32523
32529
32545
32552
32553
32563
32566
32571
32586
32599
32601
32607
32611
32624
32628
32629
32634
32638
32639
32650
32667
32671
32675
32687
32690
32696
32699
32702
32709
32715
32720
32724
32725
32727
32731
32733
32738
32742
32756
32765
32769
32773
32779
32785
32802
32804
32807
32808
32814
32823
32833
32837
32840
32845
32846
32848
32855
32858
32870
32872
32882
32885
32888
32893
32895
32899
32901
32902
32907
32909
32910
32915
32916
32922
32923
32931
32940
32951
32958
32962
32964
32981
32985
32989
33003
33008
33011
33013
33015
33019
33035
33036
33044
33045
33059
33063
33067
33069
33073
33074
33080
33082
33085
33089
33096
33100
33110
33116
33133
33134
33143
33157
33169
33170
33174
33192
33230
33233
33241
33242
33247
33250
33251
33273
33278
33283
33285
33290
33293
33296
33299
33315
33326
33334
33335
33338
33342
33361
33368
33370
33406
33407
33422
33424
33428
33430
33453
33466
33473
33478
33479
33481
33485
33490
33507
33513
33525
33532
33542
33543
33550
33552
33567
33570
33574
33575
33576
33579
33584
33585
33603
33604
33611
33627
33628
33631
33634
33652
33670
33673
33676
33688
33694
33703
33731
33741
33753
33756
33762
33766
33785
33786
33800
33805
33807
33817
33824
33833
33839
33843
33845
33850
33855
33863
33864
33884
33906
33912
33913
33931
33934
33936
33945
33947
33950
33953
33956
33959
33981
33986
33987
33990
33998
34004
34013
34015
34026
34027
34028
34030
34047
34059
34060
34065
34072
34094
34103
34110
34113
34129
34130
34136
34138
34139
34154
34187
34195
34204
34206
34211
34217
34225
34227
34232
34238
34241
34244
34264
34273
34279
34303
34308
34322
34329
34341
34353
34361
34371
34376
34378
34381
34383
34386
34396
34408
34415
34433
34437
34448
34454
34459
34460
34479
34483
34486
34496
34512
34525
34543
34548
34554
34577
34583
34589
34592
34595
34596
34599
34604
34616
34622
34629
34635
34653
34660
34662
34666
34672
34696
34697
34700
34703
34706
34708
34712
34725
34734
34738
34739
34759
34760
34764
34802
34805
34814
34815
34819
34838
34866
34883
34892
34908
34910
34915
34921
34943
34947
34949
34950
34964
34965
34966
34977
34982
34984
34991
34992
34996
35009
35013
35014
35025
35034
35075
35079
35083
35107
35141
35181
35185
35199
35223
35224
35226
35230
35232
35233
35240
35248
35252
35265
35267
35270
35271
35274
35281
35286
35305
35306
35316
35317
35326
35327
35337
35339
35344
35345
35353
35356
35363
35366
35371
35385
35395
35397
35400
35401
35404
35431
35437
35448
35451
35454
35461
35462
35469
35472
35476
35484
35486
35506
35507
35514
35534
35539
35544
35564
35567
35571
35574
35598
35609
35618
35622
35632
35633
35649
35675
35677
35695
35706
35722
35727
35731
35734
35745
35755
35758
35772
35773
35777
35784
35788
35805
35833
35839
35863
35864
35882
35884
35889
35897
35918
35920
35958
35960
35968
35969
35978
35979
35982
35986
35987
35988
35993
35994
36009
36026
36035
36036
36041
36053
36056
36057
36060
36066
36073
36112
36113
36116
36123
36131
36152
36156
36157
36171
36172
36173
36177
36179
36192
36197
36200
36201
36207
36209
36210
36221
36238
36248
36252
36273
36277
36292
36301
36307
36316
36317
36321
36323
36326
36329
36333
36359
36362
36374
36376
36381
36384
36389
36401
36411
36413
36420
36422
36433
36440
36462
36467
36468
36474
36476
36477
36500
36502
36515
36522
36540
36541
36545
36569
36570
36573
36585
36588
36593
36606
36607
36610
36618
36629
36634
36635
36636
36637
36662
36668
36685
36689
36696
36706
36709
36723
36732
36741
36746
36758
36768
36784
36802
36808
36828
36850
36853
36854
36866
36883
36891
36893
36900
36915
36928
36954
36959
36968
36978
36979
36983
36984
36986
36990
36991
37011
37017
37031
37033
37039
37075
37091
37092
37107
37114
37121
37138
37139
37155
37156
37171
37177
37180
37185
37205
37208
37209
37211
37215
37233
37237
37247
37255
37259
37262
37273
37275
37300
37306
37315
37322
37323
37341
37342
37347
37349
37356
37359
37361
37364
37379
37382
37386
37389
37393
37402
37405
37410
37415
37427
37437
37446
37454
37457
37460
37463
37477
37482
37496
37507
37511
37512
37514
37522
37525
37532
37537
37549
37551
37563
37591
37608
37623
37634
37636
37649
37657
37667
37670
37674
37692
37701
37705
37721
37741
37757
37761
37762
37775
37796
37807
37811
37818
37851
37854
37867
37870
37873
37880
37883
37893
37896
37901
37909
37913
37917
37927
37937
37948
37950
37955
37962
37967
37970
37980
37996
37997
37999
38001
38002
38009
38020
38024
38028
38034
38037
38049
38078
38080
38082
38093
38098
38099
38101
38104
38123
38124
38131
38145
38161
38170
38175
38195
38200
38204
38206
38208
38210
38228
38237
38238
38240
38242
38258
38261
38262
38268
38274
38275
38277
38302
38323
38325
38327
38343
38353
38362
38366
38391
38401
38411
38414
38418
38431
38434
38437
38438
38448
38458
38461
38469
38477
38503
38504
38509
38512
38521
38526
38556
38576
38584
38608
38609
38611
38614
38618
38629
38637
38639
38640
38644
38652
38655
38657
38667
38671
38676
38681
38682
38683
38690
38698
38713
38742
38755
38757
38766
38772
38780
38785
38787
38792
38794
38796
38810
38821
38826
38828
38836
38840
38841
38845
38849
38863
38864
38865
38878
38880
38927
38931
38933
38949
38950
38961
38968
38982
38992
38994
39036
39039
39052
39055
39058
39080
39090
39112
39122
39127
39132
39134
39145
39146
39147
39157
39166
39191
39193
39204
39206
39212
39220
39235
39244
39246
39248
39250
39263
39264
39270
39273
39276
39293
39295
39304
39314
39329
39335
39336
39375
39377
39386
39388
39390
39395
39398
39400
39411
39416
39420
39427
39431
39444
39447
39454
39456
39459
39465
39476
39497
39502
39506
39517
39520
39523
39529
39543
39545
39551
39555
39557
39565
39577
39578
39584
39601
39602
39604
39620
39622
39623
39640
39651
39662
39679
39687
39699
39713
39718
39736
39744
39761
39765
39770
39774
39775
39788
39795
39798
39800
39803
39809
39810
39835
39838
39840
39861
39863
39867
39908
39909
39931
39935
39954
39972
39973
39982
39996
39999
40023
40039
40049
40056
40059
40063
40067
40072
40080
40086
40088
40092
40096
40105
40133
40143
40151
40164
40184
40208
40211
40214
40215
40220
40232
40234
40242
40253
40263
40266
40267
40281
40294
40297
40304
40318
40336
40340
40347
40350
40355
40368
40370
40371
40374
40376
40379
40382
40386
40387
40389
40391
40395
40401
40402
40406
40419
40437
40440
40447
40450
40457
40464
40469
40473
40489
40491
40496
40500
40508
40522
40536
40558
40565
40569
40573
40585
40588
40605
40606
40615
40634
40637
40641
40643
40650
40660
40662
40666
40672
40681
40684
40687
40689
40698
40706
40716
40717
40723
40726
40727
40759
40775
40780
40781
40785
40789
40791
40806
40814
40855
40859
40870
40904
40911
40922
40924
40938
40950
40960
40972
40974
40975
40998
41001
41003
41010
41017
41024
41028
41038
41041
41061
41066
41071
41072
41076
41081
41083
41084
41098
41104
41121
41141
41146
41149
41153
41162
41182
41195
41197
41217
41219
41221
41222
41226
41250
41252
41255
41265
41266
41274
41275
41280
41286
41298
41300
41311
41318
41321
41329
41333
41336
41342
41345
41349
41353
41358
41360
41362
41364
41369
41378
41379
41387
41389
41391
41394
41396
41400
41420
41436
41443
41450
41462
41463
41472
41477
41479
41481
41485
41487
41492
41493
41515
41518
41521
41531
41533
41536
41538
41544
41560
41566
41569
41604
41626
41627
41628
41635
41667
41673
41683
41687
41693
41694
41701
41708
41717
41718
41719
41724
41725
41730
41734
41747
41753
41774
41775
41778
41780
41785
41788
41796
41802
41812
41816
41818
41819
41823
41842
41851
41867
41870
41884
41887
41891
41893
41896
41902
41915
41925
41936
41946
41948
41950
41953
41959
41973
41974
41986
41988
41990
41991
41995
41996
41997
42008
42014
42025
42028
42033
42043
42044
42085
42092
42094
42108
42127
42129
42144
42161
42169
42183
42185
42186
42195
42196
42199
42215
42219
42227
42234
42252
42253
42268
42280
42282
42285
42296
42298
42302
42322
42332
42333
42342
42350
42351
42353
42356
42359
42362
42363
42368
42369
42377
42380
42389
42398
42402
42410
42415
42420
42431
42438
42441
42445
42448
42450
42452
42455
42456
42460
42462
42473
42482
42484
42486
42491
42492
42495
42497
42517
42524
42528
42534
42535
42538
42539
42541
42551
42566
42584
42585
42603
42604
42605
42606
42619
42630
42634
42638
42643
42651
42652
42668
42671
42694
42699
42705
42707
42712
42713
42719
42726
42740
42743
42748
42750
42751
42758
42770
42777
42778
42782
42787
42806
42822
42823
42829
42832
42848
42851
42871
42878
42880
42885
42898
42920
42923
42927
42964
42981
42982
42986
42987
42991
43004
43017
43031
43037
43044
43046
43070
43094
43108
43131
43153
43155
43165
43166
43169
43175
43191
43199
43200
43223
43235
43240
43247
43251
43260
43264
43272
43274
43285
43290
43297
43302
43304
43307
43315
43320
43338
43342
43350
43359
43360
43362
43367
43373
43375
43387
43398
43413
43419
43430
43433
43440
43442
43449
43460
43472
43478
43489
43495
43504
43507
43508
43515
43534
43538
43547
43549
43551
43552
43568
43572
43574
43576
43601
43602
43607
43616
43618
43636
43638
43645
43646
43649
43651
43654
43662
43664
43674
43678
43681
43683
43693
43700
43714
43729
43730
43731
43736
43737
43741
43748
43758
43774
43791
43813
43814
43817
43823
43825
43853
43864
43881
43889
43898
43901
43906
43913
43918
43919
43920
43921
43928
43929
43930
43931
43935
43944
43947
43948
43954
43965
43969
43971
43974
43978
43982
43988
43997
44005
44016
44031
44044
44056
44062
44063
44064
44065
44066
44067
44106
44126
44132
44136
44137
44139
44145
44148
44154
44160
44164
44165
44171
44183
44195
44242
44243
44258
44259
44268
44272
44279
44283
44288
44290
44295
44303
44304
44326
44330
44350
44351
44356
44370
44380
44386
44406
44412
44414
44425
44428
44429
44456
44457
44472
44477
44478
44495
44506
44510
44519
44539
44552
44553
44555
44560
44576
44581
44591
44606
44615
44619
44637
44650
44652
44659
44666
44672
44684
44689
44693
44698
44707
44711
44744
44745
44764
44770
44781
44794
44795
44799
44804
44815
44816
44837
44842
44883
44886
44887
44890
44894
44915
44936
44937
44938
44941
44942
44945
44948
44952
44954
44960
44963
44967
44971
44973
44974
44982
44988
44993
44999
45008
45013
45017
45018
45021
45026
45030
45033
45049
45058
45060
45080
45087
45093
45101
45104
45123
45132
45137
45139
45141
45147
45148
45153
45157
45163
45167
45173
45174
45175
45191
45193
45194
45196
45215
45225
45230
45235
45243
45261
45283
45287
45290
45293
45296
45307
45309
45310
45311
45312
45316
45326
45330
45333
45347
45358
45366
45372
45379
45392
45393
45398
45399
45410
45412
45429
45430
45440
45446
45454
45456
45457
45461
45477
45482
45488
45498
45507
45508
45509
45517
45519
45539
45571
45579
45587
45589
45597
45601
45605
45619
45629
45642
45646
45651
45695
45702
45708
45720
45732
45734
45739
45752
45762
45768
45774
45780
45784
45788
45795
45800
45831
45849
45863
45864
45866
45870
45875
45885
45894
45914
45919
45923
45926
45935
45947
45953
45954
45958
45967
45975
45996
46002
46004
46005
46007
46021
46025
46028
46029
46046
46055
46063
46069
46076
46085
46088
46093
46108
46117
46121
46133
46135
46139
46141
46143
46144
46146
46162
46172
46184
46188
46191
46194
46210
46216
46220
46233
46239
46240
46250
46258
46261
46264
46269
46272
46277
46285
46297
46317
46329
46330
46339
46351
46352
46354
46356
46361
46369
46388
46399
46401
46417
46418
46435
46439
46450
46460
46481
46493
46498
46511
46512
46516
46524
46532
46540
46542
46557
46570
46575
46587
46595
46598
46599
46619
46629
46634
46642
46646
46653
46654
46665
46667
46669
46674
46675
46690
46696
46708
46723
46726
46730
46732
46733
46744
46749
46764
46778
46779
46783
46784
46788
46789
46795
46797
46800
46809
46816
46832
46833
46837
46839
46866
46871
46872
46873
46874
46883
46888
46890
46893
46896
46899
46926
46933
46947
46965
46973
46974
46985
46991
46992
46997
47012
47021
47029
47044
47051
47057
47063
47078
47079
47084
47087
47091
47092
47104
47109
47119
47126
47159
47160
47162
47173
47200
47220
47221
47226
47240
47246
47247
47258
47266
47276
47295
47300
47316
47319
47320
47328
47329
47340
47354
47355
47357
47359
47363
47366
47386
47391
47394
47395
47403
47404
47413
47416
47423
47425
47428
47431
47435
47436
47460
47467
47475
47478
47486
47488
47493
47498
47510
47514
47522
47546
47560
47569
47571
47590
47593
47602
47608
47611
47621
47628
47629
47632
47638
47639
47643
47646
47647
47655
47662
47691
47695
47708
47724
47739
47742
47748
47749
47754
47760
47762
47771
47776
47780
47784
47805
47807
47810
47813
47814
47818
47825
47827
47829
47838
47839
47861
47866
47873
47912
47914
47918
47927
47949
47953
47970
47979
47986
47991
47992
47994
48025
48029
48037
48038
48056
48058
48066
48084
48093
48094
48095
48096
48104
48105
48108
48131
48137
48141
48145
48147
48159
48172
48179
48188
48201
48203
48204
48206
48208
48222
48225
48240
48251
48264
48271
48275
48279
48283
48295
48299
48304
48318
48332
48335
48336
48345
48349
48355
48362
48372
48381
48382
48384
48386
48387
48388
48401
48406
48408
48413
48418
48419
48444
48452
48462
48466
48470
48477
48482
48490
48494
48496
48513
48536
48542
48551
48574
48576
48580
48594
48606
48607
48618
48619
48623
48624
48631
48637
48641
48646
48647
48653
48664
48669
48677
48678
48680
48691
48696
48712
48713
48724
48732
48750
48759
48782
48796
48802
48810
48813
48814
48815
48821
48826
48829
48842
48872
48875
48876
48880
48881
48899
48905
48915
48917
48921
48928
48932
48933
48945
48961
48962
48966
48967
48971
48976
48977
48993
49008
49019
49023
49055
49056
49059
49069
49073
49076
49089
49097
49113
49120
49131
49150
49151
49152
49173
49191
49192
49214
49216
49221
49228
49230
49231
49241
49242
49251
49269
49280
49281
49297
49308
49309
49313
49314
49317
49322
49324
49346
49366
49376
49386
49407
49409
49433
49437
49443
49458
49468
49472
49477
49483
49484
49485
49506
49512
49519
49521
49524
49529
49555
49560
49574
49577
49578
49579
49591
49597
49600
49604
49609
49611
49631
49637
49645
49649
49656
49665
49667
49669
49683
49685
49691
49697
49706
49716
49729
49739
49754
49765
49790
49793
49808
49815
49824
49834
49843
49854
49864
49873
49875
49884
49886
49895
49906
49910
49921
49925
49936
49937
49946
49950
49955
49970
49982
49983
49986
7
1
49
150
197
220
383
423
