1377
4
11
29
38
40
47
55
59
60
63
68
87
98
108
112
114
116
148
163
166
175
181
185
196
197
210
215
219
249
254
256
258
263
264
265
268
273
275
277
283
291
302
323
333
336
339
343
355
361
364
367
369
370
371
385
389
392
399
404
409
430
440
454
461
473
477
482
484
491
496
497
498
505
506
515
524
572
575
594
599
624
627
638
650
654
686
712
729
730
737
743
748
762
774
778
779
788
789
796
797
798
813
837
856
864
870
874
888
895
905
913
921
923
927
932
944
953
964
966
985
988
990
996
1027
1040
1042
1055
1056
1063
1072
1074
1082
1083
1101
1106
1110
1134
1140
1147
1155
1156
1157
1161
1173
1177
1179
1181
1192
1194
1217
1221
1235
1241
1257
1264
1284
1295
1297
1303
1330
1336
1346
1347
1355
1356
1358
1359
1384
1385
1395
1400
1402
1404
1407
1414
1442
1443
1459
1466
1477
1479
1482
1511
1512
1517
1521
1524
1542
1552
1560
1568
1570
1575
1576
1585
1590
1596
1608
1612
1615
1631
1633
1640
1646
1650
1661
1664
1679
1683
1691
1700
1701
1705
1709
1711
1714
1723
1724
1749
1751
1763
1779
1783
1794
1808
1814
1841
1851
1859
1861
1864
1866
1900
1901
1903
1908
1917
1923
1935
1946
1957
1964
1976
1985
1993
2001
2002
2018
2037
2064
2082
2084
2090
2091
2103
2152
2160
2163
2165
2169
2173
2176
2179
2188
2196
2229
2234
2239
2249
2252
2255
2259
2266
2267
2277
2283
2284
2290
2292
2296
2301
2305
2323
2326
2327
2332
2337
2343
2366
2369
2372
2374
2381
2394
2406
2422
2429
2438
2451
2454
2461
2467
2488
2490
2491
2492
2496
2506
2518
2523
2531
2533
2563
2564
2576
2579
2589
2591
2606
2610
2618
2622
2624
2628
2638
2642
2646
2660
2669
2673
2680
2695
2699
2702
2703
2709
2711
2721
2724
2725
2735
2743
2745
2758
2760
2763
2765
2771
2784
2797
2804
2805
2808
2835
2842
2849
2882
2884
2890
2897
2904
2905
2915
2941
2947
2949
2950
2953
2961
2964
2977
2979
2982
2985
2995
3009
3023
3032
3036
3038
3042
3048
3057
3067
3081
3107
3132
3147
3155
3168
3171
3180
3188
3191
3198
3208
3209
3211
3214
3219
3220
3225
3229
3238
3242
3244
3246
3290
3303
3305
3316
3326
3336
3341
3350
3355
3356
3360
3370
3371
3379
3384
3398
3408
3411
3430
3432
3433
3447
3458
3475
3482
3487
3492
3500
3516
3522
3529
3539
3542
3545
3549
3555
3570
3574
3578
3585
3603
3609
3610
3615
3619
3633
3669
3684
3693
3696
3709
3714
3719
3720
3724
3755
3793
3797
3798
3800
3805
3839
3856
3866
3876
3881
3888
3899
3906
3916
3930
3956
3957
3970
3982
3983
3985
4005
4006
4009
4011
4016
4025
4034
4037
4038
4071
4076
4077
4086
4113
4131
4135
4139
4141
4152
4166
4168
4187
4215
4220
4228
4233
4236
4242
4243
4246
4256
4257
4261
4286
4287
4294
4296
4298
4303
4315
4319
4338
4363
4384
4386
4401
4413
4424
4435
4448
4479
4484
4487
4493
4511
4516
4523
4525
4526
4535
4538
4544
4546
4552
4566
4572
4577
4592
4593
4594
4603
4608
4612
4622
4633
4648
4656
4658
4661
4664
4666
4686
4695
4699
4722
4730
4733
4736
4737
4753
4756
4757
4768
4770
4789
4798
4800
4821
4823
4825
4836
4845
4877
4883
4884
4892
4893
4895
4903
4919
4922
4926
4929
4936
4940
4945
4959
4967
4969
4977
4995
4996
4999
5019
5034
5051
5053
5056
5073
5079
5080
5083
5088
5099
5103
5105
5107
5115
5137
5143
5152
5153
5157
5159
5164
5178
5184
5191
5196
5197
5199
5218
5222
5231
5234
5240
5241
5245
5250
5254
5261
5263
5277
5282
5292
5296
5303
5304
5305
5310
5315
5322
5330
5334
5336
5339
5342
5344
5351
5366
5376
5408
5410
5416
5423
5424
5430
5433
5436
5437
5453
5456
5463
5477
5478
5480
5487
5495
5499
5525
5548
5559
5563
5583
5598
5600
5611
5615
5629
5632
5634
5637
5644
5646
5647
5650
5651
5655
5665
5670
5677
5694
5699
5701
5704
5709
5713
5727
5729
5741
5748
5760
5771
5783
5786
5801
5803
5816
5820
5831
5832
5845
5846
5853
5855
5866
5868
5882
5885
5895
5898
5915
5924
5927
5931
5950
5954
5972
5976
5982
5983
5994
5997
6005
6011
6021
6022
6025
6026
6034
6040
6041
6066
6068
6071
6074
6080
6105
6109
6110
6121
6136
6138
6139
6157
6158
6171
6174
6185
6202
6204
6208
6209
6227
6238
6250
6254
6258
6262
6269
6281
6289
6298
6304
6308
6313
6315
6320
6324
6342
6347
6358
6361
6367
6369
6370
6377
6381
6382
6399
6407
6410
6419
6430
6432
6441
6442
6446
6449
6451
6453
6461
6470
6472
6479
6480
6498
6509
6516
6517
6518
6521
6526
6530
6536
6548
6555
6559
6576
6578
6582
6583
6593
6608
6609
6610
6612
6616
6617
6624
6629
6633
6641
6648
6663
6680
6684
6723
6733
6735
6743
6746
6751
6753
6759
6763
6764
6769
6782
6786
6796
6809
6828
6836
6841
6843
6859
6861
6862
6868
6876
6881
6894
6896
6898
6915
6931
6947
6956
6962
6965
6968
6979
6988
6999
7002
7020
7022
7041
7044
7045
7046
7051
7053
7066
7081
7083
7103
7104
7106
7115
7116
7119
7121
7137
7147
7153
7154
7170
7175
7188
7196
7212
7223
7228
7231
7242
7243
7244
7249
7252
7262
7271
7284
7291
7293
7302
7305
7308
7315
7317
7322
7323
7333
7339
7351
7353
7354
7359
7364
7370
7376
7397
7400
7407
7416
7419
7442
7445
7458
7468
7471
7474
7476
7477
7480
7498
7500
7517
7520
7533
7536
7538
7540
7542
7545
7563
7573
7581
7586
7588
7592
7594
7607
7627
7636
7641
7656
7666
7689
7698
7716
7717
7721
7728
7735
7752
7758
7772
7773
7799
7812
7821
7827
7839
7844
7852
7853
7854
7862
7872
7880
7884
7887
7889
7911
7912
7923
7929
7937
7939
7964
7967
7968
7975
7980
7990
7991
7997
8002
8008
8012
8020
8025
8030
8045
8049
8055
8073
8085
8089
8090
8100
8102
8114
8118
8119
8134
8140
8142
8157
8160
8162
8167
8170
8176
8198
8204
8211
8213
8216
8221
8234
8259
8265
8277
8279
8281
8285
8286
8292
8319
8323
8326
8341
8346
8348
8358
8376
8381
8413
8445
8448
8462
8466
8468
8473
8479
8486
8502
8521
8526
8536
8538
8540
8547
8564
8570
8614
8615
8627
8647
8659
8663
8683
8686
8688
8696
8698
8702
8720
8723
8733
8734
8763
8784
8809
8811
8812
8821
8830
8834
8858
8864
8876
8890
8895
8903
8906
8926
8927
8936
8946
8951
8964
8973
8975
8989
9008
9013
9016
9027
9035
9037
9050
9051
9054
9061
9064
9070
9093
9097
9101
9102
9104
9111
9112
9120
9136
9144
9154
9166
9174
9176
9187
9191
9196
9210
9212
9220
9228
9238
9250
9252
9255
9261
9276
9319
9330
9331
9341
9356
9360
9391
9406
9411
9412
9420
9424
9425
9434
9444
9463
9467
9471
9478
9485
9490
9495
9499
9505
9511
9515
9525
9541
9550
9556
9560
9575
9579
9588
9596
9611
9613
9614
9638
9653
9657
9666
9668
9687
9690
9715
9717
9725
9730
9743
9751
9765
9767
9771
9777
9791
9792
9807
9821
9828
9834
9838
9840
9859
9869
9885
9892
9902
9922
9936
9939
9948
9952
9962
9974
9979
9989
9992
9997
10009
10033
10063
10066
10077
10091
10099
10109
10129
10130
10131
10136
10151
10155
10175
10184
10188
10189
10192
10195
10206
10209
10211
10221
10230
10234
10237
10244
10255
10279
10297
10307
10312
10317
10338
10340
10341
10345
10361
10381
10386
10388
10389
10403
10407
10412
10428
10432
10433
10438
10446
10454
10467
10471
10474
10476
10497
10499
10501
10507
10520
10523
10530
10542
10545
10564
10565
10572
10575
10578
10579
10584
10598
10607
10611
10627
10631
10636
10641
10648
10659
10676
10679
10683
10684
10689
10713
10715
10719
10723
10737
10758
10765
10766
10774
10780
10783
10804
10805
10817
10818
10827
10828
10829
10834
10841
10845
10852
10854
10858
10876
10897
10908
10913
10930
10932
10945
10947
10952
10957
10970
10974
10981
10986
10992
11003
11009
3
0
85
99
