407
4
5
9
10
11
25
33
38
41
44
48
49
52
57
61
64
74
83
87
91
109
113
127
139
152
156
161
172
174
184
200
202
218
220
256
266
287
301
306
312
315
318
341
343
348
354
357
365
367
371
380
385
386
393
397
399
404
408
414
416
424
446
459
463
465
469
482
486
487
493
497
498
508
511
514
518
523
526
529
533
534
537
538
544
552
554
565
567
572
588
591
593
594
596
599
604
631
638
639
656
663
670
681
682
685
688
690
703
706
714
717
725
729
741
759
773
779
789
795
802
805
806
829
834
838
842
846
848
852
864
865
872
873
882
886
906
910
913
915
930
941
945
951
971
972
974
992
993
995
996
1009
1014
1016
1026
1028
1031
1049
1053
1072
1073
1098
1102
1107
1108
1114
1126
1131
1135
1143
1163
1167
1172
1175
1202
1204
1209
1213
1224
1228
1232
1236
1239
1261
1267
1284
1289
1294
1295
1299
1301
1316
1319
1324
1328
1336
1344
1351
1353
1357
1359
1373
1374
1378
1380
1382
1387
1389
1391
1395
1397
1409
1416
1422
1438
1453
1461
1462
1468
1473
1487
1488
1514
1515
1516
1546
1549
1552
1557
1564
1571
1574
1580
1589
1591
1599
1600
1601
1618
1624
1634
1642
1643
1651
1664
1667
1677
1685
1688
1690
1692
1696
1710
1712
1715
1725
1731
1736
1752
1765
1771
1776
1789
1804
1809
1810
1814
1824
1842
1855
1865
1866
1878
1882
1891
1903
1904
1914
1937
1952
1954
1955
1958
1961
1977
1998
2013
2023
2025
2035
2036
2070
2072
2078
2090
2096
2102
2105
2110
2114
2115
2120
2132
2135
2139
2143
2144
2145
2164
2168
2190
2209
2211
2223
2225
2227
2229
2234
2236
2239
2250
2261
2268
2274
2276
2283
2290
2296
2297
2306
2312
2318
2324
2333
2348
2351
2361
2366
2373
2374
2380
2388
2389
2393
2394
2411
2412
2414
2418
2420
2427
2428
2436
2438
2442
2455
2458
2461
2487
2502
2507
2519
2521
2530
2531
2532
2540
2553
2556
2561
2598
2603
2606
2614
2619
2625
2631
2635
2645
2647
2651
2654
2656
2663
2665
2684
2690
2693
2695
2703
2719
2728
2746
2764
2768
2774
2777
2778
2786
2798
2800
2810
2814
2817
2827
2828
2829
2837
11
7
21
33
48
58
87
97
99
123
137
138
