1283
1
2
21
37
53
69
71
74
83
96
98
103
131
135
140
151
155
161
162
164
177
180
181
186
190
191
201
205
219
220
221
224
241
244
245
246
264
267
268
276
290
292
298
314
318
320
323
330
331
339
341
352
354
361
368
383
390
398
402
407
408
411
413
417
422
429
432
434
470
496
500
503
505
509
510
514
515
522
526
529
532
536
545
548
551
554
559
564
565
572
574
579
590
594
600
602
603
606
610
612
618
622
626
627
634
635
637
644
648
650
652
665
675
681
685
693
727
731
735
742
743
752
753
774
780
788
790
795
806
810
812
815
835
865
869
874
879
886
892
897
899
901
902
918
926
934
935
945
947
960
961
967
983
988
992
1005
1012
1024
1026
1028
1031
1034
1035
1059
1063
1067
1073
1076
1077
1082
1085
1088
1098
1099
1101
1102
1107
1111
1114
1124
1126
1127
1131
1134
1137
1138
1142
1158
1173
1176
1200
1208
1209
1211
1212
1214
1219
1226
1228
1266
1277
1289
1292
1293
1302
1330
1333
1334
1336
1345
1359
1360
1363
1364
1371
1373
1380
1392
1399
1404
1411
1420
1422
1439
1443
1457
1472
1477
1480
1485
1492
1502
1509
1518
1523
1526
1532
1549
1552
1563
1569
1574
1582
1583
1587
1599
1600
1609
1622
1623
1626
1629
1632
1637
1652
1665
1669
1673
1677
1681
1701
1705
1713
1717
1732
1733
1734
1749
1754
1762
1778
1780
1782
1792
1794
1814
1817
1834
1839
1852
1855
1859
1862
1868
1874
1880
1882
1888
1890
1891
1892
1899
1904
1906
1916
1921
1941
1956
1964
1968
1970
1971
1983
1985
2000
2012
2020
2023
2028
2033
2045
2048
2062
2064
2069
2071
2091
2095
2111
2116
2120
2129
2132
2147
2151
2155
2163
2177
2183
2187
2190
2192
2194
2208
2235
2246
2263
2265
2270
2274
2287
2302
2307
2341
2345
2358
2361
2362
2364
2366
2372
2380
2383
2384
2394
2406
2407
2412
2413
2420
2424
2431
2446
2447
2449
2464
2467
2475
2484
2503
2505
2507
2515
2519
2525
2535
2546
2555
2557
2559
2560
2569
2577
2584
2587
2595
2605
2611
2622
2625
2627
2628
2631
2634
2637
2640
2641
2646
2653
2666
2676
2689
2690
2692
2701
2715
2717
2730
2732
2734
2736
2745
2750
2751
2762
2814
2817
2820
2823
2835
2851
2856
2860
2863
2864
2871
2874
2879
2889
2892
2901
2904
2907
2912
2923
2926
2944
2964
2965
2980
2991
2998
3001
3007
3021
3032
3033
3036
3041
3047
3063
3070
3078
3103
3114
3119
3125
3129
3130
3155
3160
3164
3171
3172
3183
3192
3203
3209
3212
3215
3221
3222
3227
3229
3235
3237
3238
3247
3248
3263
3270
3275
3287
3292
3300
3308
3310
3311
3312
3319
3325
3335
3338
3340
3347
3350
3365
3379
3380
3390
3391
3393
3397
3406
3411
3414
3421
3445
3449
3451
3460
3465
3482
3483
3485
3486
3490
3499
3520
3522
3532
3535
3538
3541
3542
3545
3553
3559
3560
3586
3596
3607
3613
3617
3630
3642
3647
3649
3654
3658
3671
3676
3681
3705
3715
3743
3749
3752
3764
3770
3787
3806
3814
3824
3842
3844
3850
3854
3858
3862
3867
3876
3880
3887
3892
3898
3902
3906
3911
3913
3935
3936
3951
3958
3959
3964
3967
3971
3972
3980
3983
3984
3997
4008
4012
4018
4020
4021
4022
4031
4032
4039
4064
4071
4074
4079
4084
4085
4097
4100
4103
4108
4109
4111
4128
4136
4142
4143
4148
4154
4160
4168
4172
4176
4191
4195
4203
4216
4221
4230
4244
4247
4253
4263
4265
4267
4277
4278
4279
4285
4287
4307
4315
4317
4319
4323
4327
4338
4340
4342
4350
4363
4371
4372
4377
4381
4407
4408
4409
4417
4424
4425
4431
4433
4435
4440
4441
4454
4458
4459
4462
4466
4468
4469
4470
4471
4472
4473
4479
4485
4492
4501
4503
4511
4514
4528
4535
4558
4559
4560
4562
4569
4572
4573
4581
4584
4587
4593
4606
4612
4616
4625
4629
4636
4642
4653
4657
4662
4679
4707
4717
4728
4730
4735
4738
4746
4753
4760
4761
4765
4774
4778
4791
4802
4807
4818
4833
4834
4836
4838
4839
4840
4844
4845
4851
4854
4856
4864
4873
4881
4883
4893
4897
4918
4945
4948
4955
4965
4966
4976
4993
4994
5006
5008
5009
5010
5014
5018
5038
5050
5058
5078
5080
5083
5100
5105
5108
5113
5115
5117
5128
5133
5147
5151
5164
5165
5175
5178
5182
5184
5195
5197
5198
5200
5218
5221
5223
5225
5237
5248
5249
5250
5251
5255
5257
5263
5265
5267
5271
5272
5279
5291
5318
5329
5337
5345
5353
5355
5356
5359
5370
5388
5399
5406
5407
5408
5411
5423
5429
5436
5445
5451
5454
5462
5466
5476
5477
5479
5483
5485
5512
5519
5521
5523
5524
5544
5545
5546
5556
5563
5565
5566
5578
5580
5597
5601
5621
5634
5638
5641
5643
5662
5665
5689
5696
5701
5724
5733
5737
5759
5764
5770
5771
5776
5778
5781
5795
5800
5805
5809
5815
5826
5829
5838
5839
5842
5856
5870
5879
5881
5882
5884
5891
5895
5904
5911
5925
5949
5950
5951
5952
5960
5971
5983
5987
5991
5996
6003
6020
6053
6054
6072
6074
6077
6078
6083
6099
6108
6111
6113
6121
6123
6126
6130
6139
6142
6146
6156
6171
6173
6186
6187
6190
6212
6233
6237
6241
6247
6252
6256
6267
6268
6269
6271
6274
6304
6309
6319
6325
6327
6334
6338
6340
6342
6345
6367
6378
6388
6404
6410
6420
6439
6445
6466
6490
6497
6506
6508
6517
6526
6538
6539
6544
6573
6587
6588
6592
6594
6596
6597
6604
6610
6620
6621
6627
6630
6640
6648
6650
6655
6668
6678
6679
6680
6681
6690
6702
6704
6728
6730
6735
6747
6755
6765
6772
6776
6781
6783
6785
6804
6829
6849
6853
6859
6878
6881
6886
6892
6905
6910
6914
6915
6924
6933
6941
6943
6960
6963
6969
6978
6982
7015
7016
7025
7036
7041
7051
7064
7069
7083
7085
7091
7101
7105
7107
7109
7120
7122
7134
7138
7149
7156
7157
7171
7181
7182
7183
7189
7191
7196
7210
7217
7232
7242
7244
7249
7255
7260
7262
7263
7269
7272
7283
7286
7296
7297
7318
7321
7326
7329
7336
7337
7350
7352
7360
7361
7362
7368
7369
7370
7374
7382
7384
7389
7415
7428
7436
7439
7449
7455
7459
7467
7474
7477
7479
7484
7486
7487
7489
7495
7497
7501
7507
7512
7520
7521
7530
7531
7534
7543
7544
7549
7553
7555
7567
7568
7569
7571
7573
7581
7583
7585
7600
7603
7605
7608
7612
7618
7624
7631
7640
7642
7645
7680
7689
7691
7705
7710
7711
7716
7721
7727
7729
7737
7743
7744
7747
7753
7754
7759
7775
7778
7787
7798
7802
7808
7809
7816
7823
7825
7835
7843
7844
7846
7856
7857
7868
7892
7904
7906
7914
7916
7930
7955
7962
7968
7969
7970
7975
7978
7983
7992
7995
8000
8010
8013
8019
8021
8031
8032
8039
8042
8055
8056
8063
8065
8066
8067
8088
8090
8109
8127
8138
8145
8151
8156
8163
8166
8168
8176
8177
8192
8196
8199
8221
8222
8224
8230
8240
8243
8248
8249
8251
8257
8258
8268
8271
8273
8278
8279
8284
8285
8287
8288
8300
8303
8314
8323
8329
8330
8342
8345
8350
8351
8357
8358
8360
8363
8365
8370
8371
8393
8403
8408
8412
8430
8436
8451
8460
8479
8484
8486
8496
8497
8503
8512
8513
8518
8534
8569
8578
8584
8586
8590
8591
8604
8610
8617
8618
8629
8650
8657
8659
8660
8662
8664
8670
8678
8690
8705
8706
8708
8720
13
33
45
55
77
100
110
119
142
307
319
325
370
393
