4360
3
11
26
27
74
78
79
101
104
131
133
142
235
245
279
291
301
337
341
357
364
371
385
394
395
396
408
418
434
487
493
499
512
578
579
580
584
594
608
624
666
685
698
720
726
757
759
769
777
806
812
829
838
848
854
856
859
866
867
895
989
997
1027
1064
1069
1095
1096
1107
1113
1138
1147
1193
1202
1204
1252
1271
1273
1276
1281
1289
1293
1297
1300
1303
1319
1327
1333
1343
1356
1360
1373
1376
1391
1392
1410
1412
1427
1433
1450
1484
1496
1509
1510
1554
1564
1604
1607
1633
1675
1690
1706
1708
1794
1804
1816
1817
1838
1859
1866
1881
1908
1909
1924
1927
1935
1949
1958
1961
1968
1985
2018
2022
2031
2043
2057
2073
2077
2095
2098
2103
2104
2108
2116
2118
2133
2160
2176
2186
2200
2202
2213
2220
2229
2251
2329
2336
2353
2369
2377
2421
2431
2484
2489
2491
2525
2577
2583
2609
2632
2644
2650
2663
2669
2671
2674
2691
2704
2727
2737
2750
2788
2798
2821
2842
2885
2900
2910
2982
2990
3000
3010
3020
3022
3035
3051
3054
3061
3076
3140
3198
3210
3221
3225
3245
3285
3296
3340
3354
3355
3375
3408
3409
3430
3438
3464
3484
3506
3512
3513
3520
3542
3547
3550
3598
3607
3628
3632
3668
3669
3724
3725
3758
3759
3765
3783
3792
3795
3816
3819
3826
3838
3860
3902
3909
3918
3931
3950
3959
3960
3961
3963
3967
3976
4001
4011
4013
4033
4045
4054
4060
4067
4076
4089
4107
4108
4121
4124
4125
4142
4161
4162
4199
4231
4234
4241
4277
4301
4358
4414
4421
4427
4432
4443
4444
4457
4514
4515
4538
4570
4579
4580
4600
4660
4709
4713
4714
4741
4745
4768
4772
4790
4792
4825
4828
4844
4861
4865
4881
4889
4908
4928
4939
4943
4954
4960
4964
4969
4975
4998
5003
5021
5033
5034
5056
5085
5086
5130
5131
5158
5162
5164
5165
5176
5205
5213
5215
5225
5247
5285
5334
5342
5366
5400
5401
5416
5435
5469
5474
5506
5532
5557
5566
5567
5568
5580
5606
5609
5652
5675
5678
5679
5705
5706
5707
5729
5777
5778
5789
5803
5808
5814
5818
5843
5896
5907
5909
5915
5917
5934
5935
5963
5973
5974
6002
6004
6009
6021
6023
6030
6061
6079
6093
6130
6161
6221
6248
6265
6269
6309
6338
6357
6366
6395
6431
6444
6476
6497
6530
6546
6560
6574
6580
6589
6595
6602
6608
6619
6681
6696
6716
6729
6733
6756
6762
6763
6768
6770
6798
6813
6817
6827
6834
6842
6846
6847
6854
6861
6865
6874
6886
6890
6893
6906
6968
6980
6981
7000
7008
7012
7014
7025
7032
7036
7042
7052
7054
7055
7063
7085
7091
7095
7098
7120
7125
7155
7157
7162
7198
7228
7256
7291
7307
7338
7358
7365
7370
7372
7374
7380
7383
7417
7427
7448
7470
7471
7475
7562
7564
7574
7581
7583
7608
7641
7659
7664
7697
7723
7733
7744
7762
7813
7816
7836
7862
7869
7870
7901
7904
7913
7916
7920
7958
7959
7963
7972
7981
7984
7994
8032
8037
8055
8072
8083
8117
8130
8133
8137
8140
8143
8146
8158
8178
8197
8198
8211
8218
8228
8241
8257
8278
8285
8286
8288
8351
8354
8371
8387
8394
8400
8411
8413
8415
8429
8464
8470
8471
8474
8548
8560
8587
8601
8615
8621
8624
8640
8644
8653
8670
8698
8747
8769
8775
8791
8799
8812
8823
8840
8856
8865
8882
8900
8916
8918
8923
8948
8956
8957
8963
8964
8965
9005
9014
9031
9035
9056
9057
9063
9067
9074
9086
9110
9147
9149
9152
9155
9160
9162
9163
9192
9199
9203
9220
9279
9280
9325
9360
9361
9363
9368
9377
9384
9386
9391
9475
9480
9500
9535
9542
9554
9575
9596
9619
9626
9635
9639
9645
9715
9724
9732
9773
9868
9879
9889
9918
9966
9982
10007
10019
10025
10028
10035
10036
10037
10041
10081
10116
10120
10127
10137
10148
10156
10210
10225
10232
10244
10246
10278
10283
10285
10335
10336
10360
10401
10406
10410
10415
10436
10446
10459
10482
10485
10497
10514
10524
10525
10536
10537
10546
10583
10589
10591
10601
10630
10651
10654
10675
10713
10714
10717
10756
10784
10794
10804
10835
10877
10883
10892
10898
10915
10928
10998
11022
11042
11054
11118
11122
11131
11152
11156
11191
11199
11206
11220
11233
11257
11271
11273
11277
11292
11300
11308
11339
11354
11372
11389
11390
11419
11424
11456
11457
11483
11487
11493
11502
11505
11514
11531
11533
11563
11585
11646
11649
11662
11682
11692
11700
11707
11718
11722
11724
11769
11770
11797
11798
11817
11820
11858
11859
11868
11872
11923
11924
11951
11971
11994
12043
12053
12066
12076
12079
12113
12118
12123
12145
12148
12161
12164
12175
12179
12233
12250
12254
12276
12280
12297
12308
12312
12315
12319
12321
12332
12381
12382
12389
12399
12402
12423
12434
12436
12439
12468
12486
12489
12492
12505
12530
12541
12554
12586
12589
12596
12617
12624
12625
12626
12628
12638
12641
12663
12687
12688
12715
12724
12752
12797
12806
12809
12857
12880
12927
12929
12939
12948
12963
12975
13001
13007
13028
13056
13090
13099
13104
13116
13135
13149
13153
13156
13166
13204
13245
13272
13280
13281
13290
13313
13322
13323
13326
13383
13384
13399
13409
13417
13421
13471
13482
13590
13596
13615
13635
13643
13666
13718
13719
13734
13758
13787
13788
13789
13794
13802
13829
13832
13848
13869
13873
13893
13898
13920
13925
13953
13960
13984
14007
14043
14048
14050
14060
14066
14078
14087
14089
14108
14110
14126
14139
14160
14163
14164
14179
14184
14192
14210
14241
14269
14275
14279
14285
14297
14319
14324
14349
14354
14378
14385
14396
14399
14402
14409
14424
14436
14437
14449
14454
14473
14519
14562
14566
14573
14589
14591
14617
14621
14633
14636
14651
14655
14686
14688
14694
14713
14738
14742
14778
14793
14814
14822
14839
14840
14849
14906
14919
14986
15004
15016
15025
15040
15041
15048
15052
15055
15058
15076
15120
15123
15126
15165
15208
15212
15217
15223
15243
15263
15285
15289
15296
15339
15344
15355
15358
15397
15411
15424
15445
15455
15496
15524
15534
15549
15569
15636
15663
15682
15685
15688
15719
15725
15731
15738
15748
15755
15767
15803
15855
15871
15888
15913
15946
15966
15968
15981
15987
16013
16022
16072
16102
16150
16153
16170
16182
16188
16191
16215
16217
16226
16291
16301
16308
16310
16321
16343
16349
16360
16362
16383
16399
16432
16449
16457
16474
16509
16511
16531
16534
16539
16561
16563
16593
16602
16622
16642
16661
16670
16691
16693
16702
16705
16707
16717
16728
16739
16754
16769
16773
16800
16820
16842
16849
16852
16853
16865
16893
16934
16961
16966
16999
17027
17028
17051
17081
17090
17091
17101
17102
17124
17127
17149
17187
17205
17214
17226
17242
17245
17247
17311
17319
17327
17354
17367
17387
17390
17402
17423
17465
17489
17510
17530
17562
17579
17597
17637
17639
17646
17687
17706
17732
17740
17761
17765
17795
17805
17818
17857
17888
17905
17910
17916
17973
17990
17996
18003
18052
18080
18109
18138
18162
18175
18203
18246
18310
18313
18329
18341
18347
18357
18365
18383
18384
18396
18407
18412
18445
18448
18454
18467
18480
18484
18495
18522
18533
18559
18566
18569
18606
18635
18642
18661
18673
18681
18700
18757
18774
18799
18800
18822
18841
18850
18871
18909
18930
18951
18957
18966
18967
18978
18982
19001
19010
19032
19046
19048
19096
19105
19110
19116
19153
19159
19160
19171
19187
19193
19208
19216
19239
19270
19272
19297
19323
19330
19351
19383
19385
19410
19457
19474
19476
19492
19496
19517
19543
19560
19567
19601
19602
19605
19606
19612
19619
19640
19656
19667
19680
19690
19694
19700
19722
19734
19747
19751
19765
19781
19783
19792
19804
19808
19843
19859
19870
19873
19874
19926
19936
19946
19977
19982
19989
20000
20019
20060
20066
20067
20070
20071
20110
20112
20146
20152
20157
20181
20183
20208
20264
20269
20273
20322
20324
20352
20354
20356
20379
20393
20430
20443
20451
20453
20472
20503
20507
20508
20521
20522
20532
20534
20543
20548
20564
20583
20586
20602
20612
20619
20634
20650
20654
20686
20713
20722
20746
20750
20755
20765
20779
20790
20791
20793
20795
20812
20837
20852
20865
20868
20870
20873
20875
20879
20886
20891
20905
20911
20923
20929
20930
20938
20988
20999
21005
21007
21008
21010
21014
21017
21019
21020
21023
21033
21071
21084
21085
21105
21149
21151
21178
21195
21220
21232
21238
21249
21329
21336
21341
21348
21366
21379
21427
21434
21444
21455
21496
21504
21522
21549
21558
21566
21568
21572
21589
21591
21605
21650
21653
21660
21677
21695
21750
21758
21768
21819
21844
21870
21887
21904
21911
21917
21943
21955
21974
21977
21997
22020
22022
22024
22040
22052
22067
22074
22084
22121
22147
22161
22183
22211
22241
22246
22281
22282
22296
22312
22323
22352
22384
22392
22457
22480
22530
22536
22544
22555
22557
22573
22578
22580
22596
22620
22623
22639
22655
22685
22696
22710
22715
22729
22752
22754
22757
22758
22841
22887
22896
22926
22985
23001
23003
23023
23030
23032
23037
23108
23119
23138
23139
23143
23155
23166
23178
23201
23236
23245
23270
23271
23288
23289
23324
23336
23350
23355
23360
23364
23375
23383
23418
23419
23421
23459
23467
23473
23489
23516
23525
23529
23533
23561
23575
23585
23616
23628
23638
23644
23678
23683
23686
23715
23723
23750
23753
23754
23764
23767
23782
23786
23788
23790
23813
23823
23830
23832
23891
23905
23907
23925
23940
23944
23956
24004
24089
24102
24141
24143
24146
24155
24179
24193
24195
24218
24232
24253
24269
24274
24303
24324
24336
24345
24350
24359
24370
24396
24399
24419
24452
24458
24467
24475
24491
24507
24521
24522
24550
24555
24577
24580
24595
24614
24628
24634
24642
24666
24688
24689
24695
24696
24707
24712
24762
24764
24783
24813
24844
24846
24880
24907
24908
24923
24925
24934
24935
24952
24953
24979
25013
25026
25045
25049
25058
25096
25099
25110
25115
25124
25150
25185
25189
25203
25214
25223
25246
25260
25282
25298
25312
25319
25356
25380
25392
25415
25423
25433
25435
25443
25464
25475
25483
25501
25508
25519
25524
25541
25543
25548
25625
25635
25653
25663
25671
25712
25731
25735
25796
25805
25806
25809
25816
25822
25831
25851
25873
25924
25930
25931
25934
25947
25995
26016
26017
26019
26028
26070
26072
26074
26076
26083
26092
26110
26130
26156
26158
26171
26174
26188
26278
26286
26288
26305
26338
26357
26369
26390
26402
26417
26427
26465
26493
26494
26498
26499
26537
26590
26611
26616
26620
26622
26640
26651
26661
26663
26673
26682
26689
26700
26701
26710
26726
26735
26807
26834
26837
26846
26872
26873
26874
26880
26882
26894
26930
26934
26948
26971
26975
26979
27021
27027
27080
27101
27102
27107
27123
27154
27163
27182
27198
27199
27209
27237
27239
27245
27254
27279
27311
27318
27327
27335
27368
27370
27374
27403
27421
27434
27438
27440
27447
27452
27458
27473
27476
27489
27493
27521
27522
27544
27549
27556
27573
27605
27645
27649
27659
27665
27666
27684
27685
27720
27739
27741
27743
27748
27749
27760
27768
27774
27779
27822
27837
27844
27854
27858
27861
27912
27917
27921
27925
27926
27937
27947
27955
27982
28024
28035
28053
28060
28065
28079
28120
28130
28148
28151
28186
28197
28210
28230
28233
28234
28270
28287
28290
28296
28301
28347
28355
28387
28429
28433
28438
28460
28494
28498
28525
28542
28564
28575
28578
28610
28639
28650
28703
28707
28714
28717
28723
28727
28738
28740
28749
28758
28762
28767
28779
28787
28799
28807
28811
28814
28825
28827
28890
28898
28906
28912
28962
28983
28985
29004
29049
29054
29064
29079
29100
29106
29119
29125
29169
29178
29188
29217
29277
29302
29316
29320
29321
29334
29346
29356
29360
29372
29393
29414
29464
29467
29481
29485
29486
29503
29532
29535
29536
29539
29543
29563
29565
29575
29581
29597
29614
29618
29652
29655
29681
29697
29710
29733
29735
29741
29752
29763
29765
29788
29816
29851
29857
29885
29906
29908
29909
29912
29924
29935
29950
29966
29968
29971
29988
30006
30026
30049
30054
30072
30073
30075
30081
30098
30104
30139
30146
30154
30161
30163
30172
30173
30175
30184
30186
30194
30197
30199
30203
30229
30260
30271
30277
30298
30353
30354
30368
30411
30413
30420
30444
30446
30447
30466
30479
30484
30491
30494
30524
30530
30532
30554
30555
30556
30558
30561
30574
30603
30607
30608
30610
30625
30673
30687
30689
30694
30703
30710
30722
30725
30738
30765
30788
30806
30811
30837
30843
30859
30864
30896
30905
30926
30938
30940
30948
30954
30965
30975
30985
31005
31006
31039
31049
31057
31060
31076
31080
31086
31104
31115
31133
31143
31145
31159
31173
31179
31180
31206
31207
31214
31226
31241
31246
31248
31252
31255
31256
31288
31339
31352
31363
31440
31524
31527
31551
31600
31614
31626
31649
31679
31707
31710
31733
31753
31762
31783
31799
31853
31856
31863
31864
31878
31892
31906
31959
31963
31970
31983
31998
32008
32026
32038
32049
32070
32074
32083
32091
32094
32134
32149
32172
32179
32217
32231
32254
32280
32288
32289
32303
32304
32317
32344
32358
32365
32367
32369
32376
32381
32385
32397
32404
32416
32466
32472
32473
32492
32500
32503
32524
32528
32560
32575
32651
32653
32700
32706
32736
32762
32770
32773
32778
32789
32799
32800
32803
32813
32821
32827
32833
32839
32881
32882
32885
32911
32937
32971
32981
32988
32991
32998
33007
33060
33070
33077
33090
33097
33105
33113
33143
33148
33191
33229
33276
33279
33292
33294
33310
33313
33319
33328
33373
33384
33391
33405
33418
33444
33454
33474
33483
33485
33500
33507
33518
33532
33551
33559
33562
33590
33605
33613
33623
33628
33651
33660
33711
33724
33728
33736
33760
33782
33783
33794
33799
33811
33818
33829
33843
33877
33879
33895
33899
33903
33922
33926
33954
33955
33956
34019
34040
34073
34083
34099
34103
34104
34118
34127
34145
34152
34176
34191
34194
34199
34206
34241
34249
34275
34313
34368
34369
34390
34411
34420
34433
34437
34440
34441
34445
34447
34449
34453
34455
34477
34480
34482
34495
34498
34500
34509
34528
34530
34611
34640
34664
34672
34680
34732
34744
34746
34804
34812
34831
34848
34849
34868
34878
34912
34943
34960
34961
34974
34977
34988
35022
35033
35037
35072
35116
35131
35148
35160
35167
35183
35187
35205
35206
35221
35231
35240
35254
35289
35304
35328
35352
35354
35379
35387
35394
35396
35410
35429
35439
35475
35489
35505
35514
35574
35585
35627
35640
35652
35659
35681
35684
35688
35693
35697
35700
35702
35709
35725
35726
35740
35759
35766
35786
35797
35803
35822
35845
35849
35858
35867
35869
35877
35905
35919
35924
35925
35954
35979
35991
35995
36007
36010
36033
36041
36045
36073
36078
36079
36119
36123
36149
36154
36158
36184
36213
36243
36257
36268
36293
36294
36321
36327
36332
36335
36337
36347
36370
36392
36402
36408
36409
36418
36423
36546
36570
36658
36665
36671
36719
36720
36725
36737
36750
36769
36790
36793
36803
36808
36811
36878
36888
36898
36926
36950
36955
36976
37030
37038
37046
37063
37088
37092
37095
37099
37123
37170
37187
37261
37264
37272
37307
37310
37316
37338
37351
37359
37383
37413
37418
37432
37441
37447
37453
37466
37473
37482
37490
37499
37502
37503
37521
37532
37533
37539
37545
37563
37576
37604
37609
37617
37620
37633
37643
37651
37666
37687
37702
37704
37719
37743
37744
37757
37758
37775
37796
37797
37805
37813
37841
37846
37868
37876
37886
37931
37932
37957
37961
37972
37995
38040
38042
38046
38049
38050
38053
38064
38084
38086
38092
38103
38108
38122
38168
38171
38175
38192
38205
38222
38253
38273
38279
38281
38326
38403
38415
38420
38468
38492
38544
38567
38582
38602
38624
38635
38649
38655
38683
38697
38707
38721
38724
38745
38754
38766
38777
38782
38783
38818
38826
38842
38866
38874
38881
38932
38933
38938
38944
38971
38976
38978
38989
38992
39012
39014
39034
39039
39045
39046
39082
39089
39095
39110
39123
39147
39165
39205
39210
39257
39260
39268
39269
39319
39337
39387
39483
39509
39519
39527
39531
39542
39554
39567
39570
39588
39597
39609
39678
39708
39714
39747
39763
39769
39775
39778
39807
39814
39828
39838
39853
39888
39892
39914
39926
39935
39938
39959
39981
39983
39988
40011
40022
40031
40076
40120
40177
40179
40194
40198
40223
40242
40271
40280
40303
40494
40514
40522
40532
40575
40611
40613
40619
40634
40635
40665
40668
40676
40704
40719
40730
40732
40738
40776
40786
40826
40830
40860
40879
40882
40885
40888
40957
40971
40991
41014
41023
41031
41037
41045
41075
41077
41083
41088
41129
41130
41131
41135
41150
41180
41205
41207
41215
41229
41257
41280
41308
41343
41347
41372
41373
41377
41392
41406
41431
41444
41455
41456
41458
41463
41487
41505
41521
41523
41527
41534
41545
41565
41580
41600
41602
41624
41646
41670
41694
41719
41733
41734
41747
41748
41754
41755
41767
41775
41790
41791
41800
41811
41816
41822
41827
41863
41867
41874
41923
41933
41960
41966
41972
41974
41987
41989
41999
42025
42034
42044
42059
42095
42113
42127
42146
42170
42176
42177
42202
42213
42217
42231
42266
42279
42283
42310
42332
42334
42341
42342
42365
42372
42379
42396
42428
42437
42450
42457
42472
42492
42496
42509
42514
42515
42516
42545
42549
42599
42603
42607
42618
42622
42646
42653
42666
42696
42709
42735
42738
42751
42779
42785
42790
42803
42823
42824
42848
42858
42862
42863
42873
42874
42878
42914
42920
42937
42938
42970
42993
43002
43013
43037
43040
43120
43140
43148
43176
43207
43213
43249
43264
43296
43313
43325
43326
43345
43396
43420
43430
43453
43479
43514
43540
43553
43566
43584
43598
43613
43617
43618
43621
43625
43626
43672
43674
43677
43686
43695
43705
43711
43713
43722
43723
43729
43756
43778
43797
43813
43831
43890
43906
43916
43924
43933
43953
43956
43990
43991
44008
44020
44044
44078
44105
44124
44142
44150
44152
44183
44194
44200
44219
44231
44239
44246
44291
44301
44314
44325
44330
44358
44373
44409
44427
44435
44440
44450
44470
44473
44481
44507
44508
44515
44535
44538
44552
44567
44581
44593
44599
44673
44692
44730
44738
44749
44785
44787
44809
44831
44857
44877
44891
44892
44915
44948
44974
44991
45000
45058
45076
45100
45123
45187
45202
45204
45209
45213
45222
45230
45231
45252
45255
45273
45292
45316
45324
45327
45346
45412
45418
45446
45448
45473
45490
45497
45511
45546
45555
45602
45609
45646
45695
45696
45703
45728
45740
45745
45764
45785
45814
45822
45833
45851
45862
45864
45869
45882
45883
45898
45944
45946
45970
46009
46053
46084
46099
46119
46133
46176
46212
46221
46236
46238
46275
46324
46326
46382
46390
46442
46444
46485
46487
46524
46543
46555
46627
46630
46649
46693
46733
46734
46741
46751
46765
46772
46781
46785
46879
46903
46910
46913
46937
46956
46962
46997
47000
47013
47020
47031
47032
47046
47050
47055
47056
47057
47067
47070
47086
47101
47114
47120
47134
47138
47140
47144
47146
47180
47186
47212
47228
47234
47255
47266
47289
47303
47380
47432
47487
47519
47524
47542
47547
47554
47579
47589
47597
47634
47659
47662
47703
47706
47760
47768
47775
47819
47829
47838
47839
47841
47851
47893
47924
47977
47983
48023
48030
48037
48070
48080
48085
48109
48145
48158
48161
48173
48200
48202
48212
48264
48309
48338
48349
48362
48367
48372
48385
48402
48417
48430
48451
48474
48475
48504
48534
48536
48549
48595
48604
48609
48612
48614
48648
48676
48708
48711
48712
48729
48731
48750
48752
48801
48822
48824
48830
48840
48846
48865
48894
48896
48936
48937
48944
48962
48976
48987
49007
49026
49027
49047
49099
49124
49132
49174
49189
49204
49229
49270
49307
49313
49319
49327
49341
49378
49425
49436
49486
49499
49504
49507
49523
49530
49551
49556
49569
49617
49622
49627
49632
49639
49669
49674
49737
49750
49753
49767
49773
49791
49793
49844
49862
49889
49892
49929
49933
49941
49943
49944
49967
49983
50007
50013
50019
50022
50029
50033
50045
50047
50049
50101
50118
50134
50158
50161
50195
50197
50203
50230
50235
50250
50253
50283
50287
50318
50322
50376
50402
50430
50434
50447
50454
50457
50459
50487
50489
50493
50520
50528
50532
50547
50548
50560
50563
50566
50583
50602
50604
50617
50630
50637
50643
50658
50661
50675
50681
50715
50737
50756
50777
50786
50819
50826
50840
50843
50846
50868
50871
50888
50899
50985
50995
51036
51046
51053
51085
51104
51105
51107
51124
51130
51146
51235
51250
51254
51269
51299
51307
51316
51321
51376
51398
51400
51420
51478
51479
51486
51494
51523
51535
51558
51582
51630
51631
51634
51644
51655
51657
51699
51728
51729
51763
51773
51774
51818
51819
51866
51880
51884
51895
51958
51990
52047
52049
52055
52070
52071
52082
52106
52109
52127
52129
52131
52143
52150
52165
52192
52193
52197
52228
52245
52258
52269
52274
52288
52290
52297
52298
52307
52309
52319
52334
52352
52353
52356
52391
52413
52420
52438
52444
52458
52487
52508
52521
52527
52564
52600
52607
52612
52660
52726
52750
52759
52766
52774
52799
52810
52812
52815
52818
52830
52852
52872
52874
52877
52888
52901
52913
52927
52952
52967
53035
53077
53079
53095
53150
53161
53170
53188
53212
53223
53239
53258
53287
53299
53324
53334
53345
53357
53375
53386
53407
53410
53424
53448
53454
53500
53531
53538
53540
53572
53577
53593
53598
53599
53612
53613
53616
53618
53629
53638
53640
53646
53657
53683
53689
53695
53760
53763
53771
53781
53802
53808
53825
53843
53859
53885
53928
54003
54022
54031
54038
54043
54056
54095
54098
54106
54123
54139
54148
54168
54184
54214
54216
54227
54231
54243
54274
54293
54299
54310
54313
54347
54354
54358
54363
54369
54387
54392
54394
54397
54430
54456
54469
54470
54479
54486
54521
54525
54533
54575
54581
54596
54631
54649
54689
54714
54726
54731
54739
54760
54804
54813
54848
54883
54889
54891
54892
54894
54930
54938
54946
55011
55056
55073
55185
55226
55227
55241
55257
55328
55340
55353
55356
55369
55371
55379
55397
55444
55456
55510
55536
55579
55586
55595
55596
55599
55606
55607
55618
55631
55668
55671
55697
55708
55727
55737
55768
55791
55811
55819
55848
55855
55865
55970
55973
55988
55990
55992
56007
56018
56024
56066
56086
56099
56122
56187
56197
56225
56227
56232
56237
56256
56257
56286
56291
56293
56300
56387
56401
56404
56428
56444
56455
56456
56480
56488
56512
56519
56550
56568
56624
56628
56654
56667
56691
56692
56703
56728
56729
56730
56742
56763
56771
56783
56801
56804
56806
56808
56818
56841
56869
56901
56917
56958
56966
56992
56997
57004
57013
57052
57053
57071
57080
57112
57164
57166
57185
57191
57211
57215
57223
57242
57243
57254
57266
57278
57323
57334
57372
57381
57382
57406
57413
57422
57436
57437
57480
57493
57556
57562
57573
57577
57604
57626
57688
57703
57704
57707
57733
57738
57751
57753
57789
57790
57798
57815
57819
57821
57849
57852
57859
57864
57878
57888
57890
57903
57905
57949
57965
58005
58021
58022
58035
58050
58063
58068
58082
58097
58101
58106
58122
58126
58127
58136
58137
58167
58179
58189
58206
58228
58241
58261
58263
58272
58332
58339
58346
58354
58360
58363
58370
58372
58390
58398
58403
58435
58443
58455
58460
58520
58521
58535
58538
58553
58556
58601
58607
58629
58632
58635
58656
58693
58694
58723
58740
58760
58763
58776
58820
58834
58844
58874
58903
58922
58926
58954
58962
58970
59006
59014
59030
59042
59047
59070
59086
59101
59108
59132
59160
59161
59173
59183
59192
59194
59219
59226
59237
59243
59259
59299
59334
59366
59378
59407
59409
59436
59447
59481
59511
59517
59556
59563
59565
59573
59593
59594
59603
59646
59659
59665
59671
59687
59722
59725
59730
59742
59744
59751
59768
59773
59779
59787
59808
59820
59832
59869
59880
59892
59899
59901
59912
59915
59945
59962
59977
59985
59987
59993
60013
60018
60030
60043
60047
60062
60074
60078
60085
60093
60144
60146
60159
60162
60165
60166
60168
60177
60209
60240
60247
60274
60275
60279
60299
60309
60310
60331
60338
60372
60398
60400
60405
60430
60431
60441
60447
60448
60467
60511
60577
60623
60627
60640
60644
60645
60650
60674
60677
60681
60690
60692
60694
60735
60741
60742
60766
60880
60881
60903
60921
60930
60939
60944
60962
60971
60973
60994
61001
61033
61036
61038
61054
61059
61090
61100
61103
61123
61133
61157
61162
61165
61188
61195
61197
61215
61219
61288
61312
61318
61335
61338
61345
61359
61391
61402
61419
61432
61435
61438
61439
61449
61454
61468
61472
61516
61520
61542
61551
61567
61605
61616
61621
61650
61659
61661
61665
61670
61674
61677
61687
61704
61710
61712
61718
61730
61732
61745
61767
61787
61793
61802
61834
61851
61863
61919
61936
61954
61960
61973
61984
61997
61999
62011
62013
62030
62036
62067
62080
62096
62098
62113
62140
62152
62170
62180
62181
62206
62225
62244
62247
62255
62270
62298
62303
62333
62335
62343
62354
62358
62373
62376
62377
62386
62387
62390
62393
62405
62410
62426
62438
62439
62442
62491
62497
62515
62539
62543
62557
62562
62569
62590
62613
62619
62627
62631
62632
62649
62678
62686
62690
62698
62732
62743
62761
62780
62824
62827
62837
62850
62862
62871
62886
62894
62899
62921
62940
62970
62991
63003
63011
63042
63054
63064
63093
63100
63108
63113
63142
63189
63198
63202
63234
63255
63264
63265
63270
63271
63284
63287
63303
63305
63330
63358
63368
63405
63410
63445
63459
63465
63469
63480
63483
63492
63500
63508
63532
63541
63592
63614
63622
63637
63674
63685
63748
63749
63754
63764
63771
63790
63791
63855
63860
63876
63930
63948
63956
63958
63967
63983
63997
64052
64068
64071
64073
64082
64102
64110
64125
64130
64132
64151
64156
64219
64244
64248
64249
64257
64263
64278
64279
64288
64295
64298
64299
64348
64357
64387
64388
64427
64437
64447
64461
64468
64473
64477
64515
64528
64531
64540
64543
64551
64555
64593
64609
64610
64612
64622
64670
64672
64694
64701
64704
64712
64731
64758
64769
64785
64789
64794
64811
64864
64868
64883
64886
64889
64899
64931
64964
64984
64987
65007
65077
65105
65116
65127
65153
65185
65189
65200
65202
65210
65220
65250
65273
65277
65304
65309
65322
65339
65345
65354
65384
65395
65437
65445
65450
65480
65538
65544
65545
65566
65578
65605
65615
65618
65635
65638
65646
65666
65692
65709
65747
65771
65777
65788
65807
65836
65888
65892
65909
65958
65963
65971
65973
65984
65987
65996
66002
66006
66007
66012
66017
66032
66034
66038
66053
66090
66116
66117
66131
66151
66178
66180
66185
66204
66209
66227
66252
66254
66270
66271
66272
66302
66311
66316
66326
66327
66349
66358
66372
66377
66379
66382
66385
66440
66461
66464
66483
66508
66510
66524
66541
66595
66655
66674
66682
66706
66724
66741
66748
66766
66788
66790
66800
66829
66843
66860
66878
66885
66930
66974
67021
67038
67055
67090
67103
67108
67115
67123
67129
67151
67178
67179
67181
67192
67210
67215
67219
67230
67235
67246
67257
67278
67298
67325
67355
67367
67382
67390
67401
67423
67433
67439
67450
67454
67460
67476
67501
67513
67527
67541
67556
67559
67567
67590
67598
67624
67640
67673
67682
67686
67690
67699
67762
67766
67803
67809
67822
67849
67853
67854
67867
67879
67892
67893
67897
67900
67916
67987
67991
67997
68000
68042
68044
3
220
383
387
