258
2
13
16
30
31
32
41
46
55
62
75
78
81
85
90
103
110
111
120
130
149
174
181
183
184
187
196
200
201
207
208
211
216
217
219
249
253
274
275
280
283
309
312
314
318
323
328
337
360
367
370
375
383
386
390
395
409
411
414
418
422
427
439
449
451
472
473
483
498
501
503
508
509
510
529
534
535
536
538
544
559
564
571
580
584
585
586
590
597
598
601
626
636
647
666
668
680
681
691
692
693
701
707
710
726
728
738
740
750
761
772
781
784
787
791
806
809
823
827
835
839
846
849
855
858
859
869
891
897
906
911
914
916
919
923
924
931
940
948
949
954
955
961
968
969
975
979
980
982
984
985
1001
1010
1017
1028
1030
1033
1034
1036
1045
1047
1055
1057
1068
1074
1092
1093
1124
1130
1143
1149
1150
1160
1171
1176
1206
1208
1221
1230
1248
1254
1260
1261
1267
1268
1274
1280
1287
1312
1316
1318
1337
1348
1360
1386
1427
1438
1446
1447
1456
1465
1467
1476
1479
1480
1490
1491
1494
1517
1522
1538
1541
1555
1556
1571
1573
1589
1608
1609
1614
1621
1641
1644
1647
1669
1671
1677
1687
1705
1715
1728
1737
1743
1747
1750
1755
1757
1761
1764
1766
1784
1803
1804
1819
1827
1842
1843
1863
1869
1874
1878
1884
1904
1907
1910
1916
1928
1944
13
20
21
39
58
85
90
93
113
119
131
142
143
151
