5259
1
10
20
21
22
23
30
33
35
46
47
60
63
66
95
96
99
105
113
122
138
141
155
157
160
179
181
189
192
217
218
228
238
249
253
254
256
272
273
284
287
295
297
299
304
308
312
338
339
347
348
360
362
367
372
379
382
390
415
430
438
440
446
455
463
472
477
480
486
493
501
503
514
523
526
532
541
542
546
548
555
556
561
565
566
567
574
579
580
583
586
602
604
641
645
658
663
670
692
693
695
704
705
706
713
719
721
724
725
730
734
738
757
771
774
779
786
791
799
802
805
807
808
810
813
832
839
856
859
871
892
893
900
904
912
925
939
945
957
961
974
976
981
984
991
993
994
1005
1013
1016
1024
1031
1032
1035
1046
1054
1072
1080
1084
1096
1105
1108
1117
1130
1133
1137
1149
1155
1163
1173
1174
1175
1176
1179
1183
1188
1203
1209
1224
1231
1232
1238
1241
1261
1266
1267
1271
1283
1286
1287
1292
1303
1304
1305
1309
1310
1312
1325
1326
1347
1365
1368
1388
1404
1406
1413
1417
1418
1436
1442
1458
1461
1470
1471
1472
1475
1477
1481
1486
1487
1495
1512
1523
1526
1527
1536
1537
1549
1553
1585
1623
1626
1633
1644
1658
1660
1687
1688
1691
1694
1696
1705
1731
1739
1763
1786
1790
1803
1807
1827
1835
1836
1840
1841
1855
1906
1908
1913
1917
1918
1919
1923
1925
1926
1958
1964
1978
1988
1991
2004
2031
2037
2054
2060
2087
2102
2114
2115
2118
2119
2138
2143
2151
2160
2161
2164
2194
2200
2205
2213
2229
2236
2250
2258
2259
2261
2268
2292
2298
2306
2311
2332
2364
2367
2368
2369
2382
2401
2402
2407
2412
2414
2416
2417
2436
2437
2450
2451
2459
2462
2469
2477
2495
2497
2498
2513
2524
2533
2537
2543
2544
2548
2553
2560
2573
2587
2598
2601
2610
2623
2629
2632
2647
2663
2681
2696
2708
2720
2745
2749
2752
2775
2777
2787
2791
2794
2814
2817
2823
2825
2829
2838
2840
2845
2849
2855
2856
2861
2866
2868
2879
2895
2909
2922
2928
2943
2945
2961
2964
2968
2981
3017
3019
3035
3036
3038
3039
3045
3047
3049
3091
3093
3109
3112
3116
3117
3120
3122
3125
3130
3134
3147
3151
3155
3160
3161
3168
3183
3192
3199
3202
3212
3224
3226
3247
3267
3300
3304
3307
3311
3318
3321
3332
3335
3341
3357
3361
3371
3377
3379
3415
3417
3429
3440
3444
3452
3457
3458
3466
3472
3478
3485
3490
3498
3507
3519
3522
3538
3540
3552
3553
3557
3563
3564
3569
3573
3578
3583
3594
3601
3605
3611
3612
3618
3620
3650
3651
3654
3658
3665
3669
3675
3678
3679
3683
3687
3688
3700
3702
3715
3726
3729
3731
3736
3750
3753
3754
3760
3762
3771
3773
3775
3812
3814
3817
3818
3819
3839
3840
3844
3845
3860
3874
3877
3899
3905
3909
3913
3914
3916
3934
3941
3964
3972
3976
3984
3986
3993
4003
4010
4013
4031
4033
4039
4042
4046
4047
4056
4059
4073
4078
4094
4108
4120
4121
4134
4137
4161
4168
4174
4202
4203
4214
4218
4220
4221
4231
4235
4252
4262
4265
4266
4271
4279
4295
4301
4307
4315
4317
4329
4335
4351
4388
4398
4401
4405
4412
4419
4421
4448
4459
4460
4466
4470
4475
4479
4480
4484
4485
4490
4492
4498
4506
4510
4513
4514
4521
4522
4523
4534
4536
4566
4567
4572
4579
4586
4588
4600
4602
4605
4618
4623
4632
4633
4652
4655
4670
4682
4703
4709
4713
4714
4729
4736
4742
4745
4751
4770
4778
4783
4791
4794
4810
4820
4825
4827
4860
4864
4868
4871
4895
4911
4917
4922
4936
4945
4948
4954
4955
4956
4966
4971
4978
4982
4986
4988
5006
5008
5012
5021
5052
5068
5073
5080
5097
5102
5111
5118
5126
5145
5153
5156
5171
5175
5180
5188
5198
5200
5206
5209
5210
5227
5255
5258
5264
5272
5282
5298
5299
5304
5305
5309
5318
5321
5326
5328
5329
5356
5367
5376
5381
5401
5402
5424
5426
5429
5438
5440
5444
5449
5453
5455
5456
5463
5464
5465
5466
5482
5494
5498
5506
5509
5512
5517
5522
5525
5530
5536
5538
5548
5553
5561
5571
5573
5589
5591
5596
5607
5625
5639
5642
5645
5655
5665
5683
5706
5730
5734
5735
5750
5754
5767
5769
5771
5776
5779
5794
5797
5799
5811
5812
5817
5824
5830
5833
5838
5846
5862
5866
5869
5875
5916
5921
5925
5929
5932
5954
5962
5974
5978
5979
5989
5993
6005
6008
6011
6012
6035
6042
6048
6063
6066
6069
6072
6081
6086
6089
6096
6126
6127
6142
6153
6158
6165
6171
6186
6191
6193
6199
6203
6216
6250
6253
6254
6264
6269
6270
6287
6315
6323
6329
6330
6345
6346
6354
6376
6382
6398
6407
6411
6415
6429
6434
6444
6462
6464
6475
6479
6481
6487
6489
6491
6507
6517
6525
6528
6540
6558
6560
6578
6593
6595
6600
6607
6617
6627
6646
6654
6663
6665
6670
6672
6682
6692
6708
6718
6720
6742
6747
6760
6765
6780
6787
6794
6799
6803
6805
6807
6816
6817
6819
6822
6832
6835
6836
6838
6851
6855
6871
6875
6880
6881
6894
6897
6917
6930
6957
6965
6978
6989
6990
7006
7014
7032
7040
7043
7056
7058
7066
7087
7094
7096
7105
7115
7119
7126
7131
7159
7172
7173
7180
7199
7210
7212
7216
7218
7221
7225
7227
7228
7251
7253
7256
7259
7267
7273
7277
7283
7289
7298
7307
7310
7322
7327
7334
7354
7361
7363
7365
7369
7401
7409
7440
7456
7459
7464
7471
7494
7498
7499
7520
7525
7526
7530
7537
7539
7544
7547
7549
7550
7558
7565
7566
7576
7581
7584
7597
7598
7605
7607
7621
7623
7636
7644
7645
7649
7679
7703
7707
7708
7709
7710
7715
7719
7720
7729
7741
7747
7748
7751
7753
7760
7772
7787
7805
7807
7817
7829
7834
7854
7855
7871
7873
7881
7902
7923
7924
7932
7933
7945
7950
7954
7955
7957
7965
7970
7985
7987
7989
8022
8023
8024
8032
8051
8065
8084
8089
8092
8096
8103
8106
8110
8133
8136
8140
8141
8143
8146
8150
8199
8204
8216
8227
8241
8246
8257
8269
8287
8295
8300
8310
8314
8322
8336
8356
8357
8358
8361
8375
8377
8381
8387
8388
8399
8401
8422
8434
8442
8444
8453
8466
8470
8471
8478
8479
8481
8483
8484
8499
8514
8529
8533
8543
8544
8555
8574
8578
8580
8585
8596
8597
8611
8618
8637
8656
8658
8668
8676
8687
8688
8692
8693
8698
8703
8704
8707
8713
8719
8727
8738
8739
8743
8745
8772
8792
8793
8797
8799
8803
8816
8831
8835
8836
8838
8846
8847
8852
8861
8863
8864
8866
8868
8876
8883
8892
8893
8924
8949
8959
8960
8962
8972
8985
8995
9002
9006
9009
9023
9024
9025
9033
9037
9038
9042
9047
9061
9065
9079
9090
9095
9098
9100
9110
9121
9126
9146
9149
9154
9157
9158
9160
9168
9170
9175
9183
9184
9186
9189
9196
9200
9203
9208
9211
9214
9219
9229
9232
9243
9244
9245
9258
9259
9265
9269
9270
9273
9275
9286
9318
9335
9337
9341
9360
9362
9377
9385
9404
9412
9415
9427
9443
9451
9454
9463
9489
9498
9505
9513
9520
9526
9549
9559
9566
9577
9601
9628
9633
9641
9643
9655
9660
9664
9667
9672
9680
9682
9691
9698
9709
9719
9723
9727
9736
9740
9744
9749
9769
9773
9780
9783
9795
9799
9814
9816
9825
9833
9835
9842
9847
9857
9869
9877
9879
9896
9907
9911
9915
9923
9925
9946
9950
9952
9954
9956
9962
9972
9983
9989
10011
10021
10025
10035
10052
10057
10060
10061
10062
10076
10086
10112
10114
10118
10121
10133
10161
10165
10166
10191
10197
10198
10214
10215
10223
10228
10236
10244
10247
10263
10266
10270
10272
10274
10278
10286
10292
10298
10314
10327
10340
10357
10358
10359
10365
10367
10378
10391
10394
10407
10408
10409
10412
10417
10425
10443
10445
10459
10460
10462
10472
10473
10475
10476
10482
10488
10495
10502
10505
10515
10538
10548
10550
10566
10584
10600
10615
10637
10643
10644
10647
10650
10653
10659
10661
10662
10670
10692
10725
10726
10727
10733
10745
10747
10748
10750
10765
10773
10795
10807
10841
10849
10858
10859
10863
10866
10871
10873
10878
10879
10881
10883
10890
10905
10910
10912
10918
10947
10948
10967
10974
10979
10984
10986
11001
11003
11022
11023
11029
11053
11057
11068
11096
11099
11101
11102
11129
11130
11132
11141
11144
11152
11158
11159
11163
11173
11191
11194
11197
11198
11202
11205
11213
11217
11227
11240
11253
11256
11271
11275
11279
11283
11302
11303
11317
11321
11328
11338
11358
11360
11376
11378
11387
11396
11397
11398
11401
11405
11407
11423
11426
11428
11429
11432
11433
11434
11438
11450
11453
11455
11461
11470
11473
11474
11481
11502
11508
11513
11520
11527
11531
11533
11541
11553
11556
11569
11572
11576
11578
11588
11593
11604
11613
11617
11627
11630
11632
11634
11636
11640
11654
11657
11662
11669
11671
11672
11690
11692
11693
11694
11705
11709
11713
11739
11742
11749
11750
11759
11766
11771
11799
11806
11820
11821
11829
11837
11845
11848
11860
11874
11886
11896
11919
11927
11930
11931
11937
11941
11946
11948
11949
11952
11956
11966
11970
11971
11977
11979
11988
11995
12034
12038
12040
12041
12048
12072
12083
12084
12088
12089
12100
12101
12107
12112
12120
12122
12125
12131
12146
12175
12177
12178
12181
12187
12195
12198
12203
12204
12205
12210
12213
12215
12228
12234
12235
12236
12242
12260
12275
12278
12282
12283
12285
12288
12294
12295
12309
12330
12341
12364
12366
12397
12401
12402
12410
12415
12417
12426
12440
12445
12448
12453
12454
12458
12459
12462
12469
12471
12483
12489
12490
12492
12504
12512
12515
12524
12535
12538
12541
12543
12545
12561
12582
12598
12601
12630
12637
12639
12646
12662
12670
12671
12678
12687
12704
12707
12712
12724
12726
12727
12729
12735
12736
12739
12742
12748
12749
12751
12755
12758
12775
12791
12793
12794
12797
12798
12802
12806
12818
12833
12844
12848
12850
12851
12852
12854
12871
12875
12884
12885
12898
12921
12922
12942
12943
12955
12958
12969
12973
12980
12984
12986
12996
13000
13007
13012
13017
13028
13029
13032
13037
13044
13061
13062
13084
13088
13099
13129
13165
13168
13173
13174
13178
13183
13191
13219
13224
13227
13228
13229
13236
13240
13255
13258
13260
13264
13268
13284
13285
13305
13312
13327
13343
13351
13355
13361
13369
13370
13373
13375
13386
13390
13393
13397
13401
13405
13410
13429
13436
13441
13447
13457
13469
13482
13496
13505
13506
13511
13519
13520
13524
13525
13532
13549
13562
13574
13591
13592
13599
13602
13603
13616
13628
13629
13638
13645
13657
13661
13663
13666
13668
13670
13675
13678
13681
13685
13699
13719
13722
13728
13750
13755
13766
13772
13783
13784
13809
13817
13819
13822
13835
13845
13854
13859
13860
13867
13870
13883
13892
13897
13898
13903
13907
13909
13910
13911
13918
13924
13925
13933
13940
13941
13943
13959
13964
13983
13985
13988
13989
13990
13996
13998
14006
14011
14015
14031
14049
14055
14072
14074
14078
14084
14090
14091
14096
14107
14123
14132
14136
14149
14158
14161
14167
14173
14198
14207
14208
14210
14212
14220
14221
14230
14234
14254
14292
14293
14299
14309
14314
14316
14330
14332
14336
14350
14363
14370
14376
14377
14383
14387
14391
14405
14426
14438
14440
14442
14446
14450
14457
14482
14484
14502
14506
14514
14515
14516
14517
14553
14564
14585
14593
14597
14603
14604
14609
14619
14622
14628
14632
14651
14652
14667
14682
14686
14695
14707
14717
14718
14734
14741
14766
14777
14780
14789
14800
14801
14802
14806
14809
14813
14822
14825
14835
14838
14840
14845
14846
14847
14851
14857
14896
14906
14912
14914
14917
14931
14935
14940
14945
14951
14952
14959
14963
14972
14984
15002
15014
15021
15025
15026
15053
15060
15063
15066
15075
15081
15083
15084
15085
15094
15099
15103
15104
15118
15121
15124
15139
15141
15159
15192
15194
15196
15202
15203
15218
15251
15272
15287
15289
15295
15300
15316
15320
15332
15342
15352
15353
15359
15382
15385
15387
15397
15402
15411
15419
15424
15435
15440
15446
15457
15470
15479
15502
15508
15509
15525
15538
15552
15556
15559
15560
15562
15571
15591
15593
15595
15601
15602
15611
15614
15620
15621
15630
15636
15641
15649
15654
15667
15676
15690
15693
15706
15717
15724
15734
15736
15746
15755
15768
15773
15781
15784
15785
15808
15819
15826
15833
15836
15837
15838
15843
15844
15853
15876
15877
15882
15891
15892
15898
15902
15909
15911
15913
15914
15920
15925
15927
15941
15948
15970
15976
15987
15994
16007
16009
16011
16016
16023
16024
16036
16037
16038
16046
16059
16063
16066
16071
16098
16105
16118
16121
16123
16125
16131
16142
16146
16147
16150
16155
16166
16168
16173
16196
16207
16209
16219
16231
16234
16237
16245
16247
16252
16261
16268
16276
16279
16281
16296
16297
16312
16314
16315
16324
16330
16332
16334
16348
16351
16360
16372
16373
16376
16395
16397
16399
16407
16412
16413
16419
16432
16443
16457
16459
16460
16464
16467
16485
16494
16500
16505
16507
16509
16510
16514
16526
16528
16538
16558
16573
16583
16586
16598
16599
16608
16628
16629
16651
16652
16664
16670
16687
16695
16711
16714
16720
16726
16728
16729
16731
16737
16778
16783
16794
16799
16806
16808
16810
16812
16813
16831
16833
16834
16840
16848
16850
16856
16861
16867
16870
16876
16880
16887
16890
16894
16905
16909
16915
16920
16926
16928
16934
16937
16943
16955
16956
16964
16976
16984
16985
16992
16995
17016
17020
17026
17028
17033
17034
17059
17063
17078
17087
17088
17090
17092
17094
17095
17117
17123
17127
17142
17157
17168
17171
17176
17182
17192
17194
17201
17205
17209
17235
17236
17240
17276
17283
17287
17291
17298
17301
17302
17304
17306
17309
17318
17320
17323
17331
17338
17341
17344
17348
17351
17354
17372
17376
17384
17398
17399
17418
17432
17445
17450
17455
17490
17496
17505
17514
17516
17520
17526
17531
17540
17552
17554
17562
17569
17575
17576
17582
17584
17594
17599
17602
17613
17627
17640
17643
17654
17656
17659
17663
17666
17678
17687
17699
17722
17728
17730
17732
17745
17761
17777
17779
17791
17802
17803
17805
17818
17819
17831
17838
17847
17859
17860
17863
17868
17870
17886
17891
17894
17896
17912
17915
17951
17953
17956
17958
17959
17961
17973
17990
17994
17998
18022
18029
18030
18054
18056
18058
18069
18074
18076
18080
18091
18100
18109
18118
18125
18134
18144
18151
18174
18182
18197
18209
18212
18217
18235
18244
18276
18285
18291
18306
18313
18314
18344
18349
18362
18367
18382
18387
18392
18394
18397
18403
18410
18419
18433
18434
18445
18455
18456
18467
18472
18481
18495
18498
18501
18502
18528
18539
18540
18541
18546
18558
18563
18569
18572
18584
18603
18611
18619
18620
18621
18630
18641
18654
18666
18674
18675
18678
18685
18691
18694
18695
18697
18704
18705
18709
18719
18751
18760
18762
18772
18789
18794
18795
18799
18809
18816
18818
18820
18823
18830
18831
18843
18852
18856
18862
18863
18872
18879
18883
18885
18888
18898
18911
18912
18913
18929
18930
18932
18933
18951
18956
18963
18970
18975
18976
18983
18986
18999
19021
19038
19041
19047
19053
19055
19063
19075
19077
19094
19097
19098
19105
19109
19122
19128
19131
19136
19140
19141
19149
19153
19157
19180
19181
19185
19198
19219
19232
19238
19244
19254
19259
19261
19268
19286
19292
19298
19300
19315
19324
19327
19328
19336
19344
19354
19358
19361
19393
19394
19399
19400
19402
19403
19405
19409
19413
19423
19426
19436
19437
19439
19440
19441
19443
19461
19469
19474
19484
19490
19496
19503
19506
19515
19516
19518
19522
19524
19526
19536
19538
19544
19561
19572
19577
19589
19603
19604
19606
19615
19619
19622
19637
19644
19654
19664
19677
19682
19694
19698
19704
19707
19708
19713
19716
19721
19743
19749
19752
19755
19758
19760
19770
19772
19811
19813
19821
19833
19844
19846
19850
19856
19858
19876
19879
19882
19897
19899
19906
19910
19915
19942
19956
19961
19983
19986
20002
20004
20009
20011
20014
20022
20028
20031
20035
20038
20059
20064
20079
20092
20115
20120
20153
20155
20156
20159
20162
20163
20166
20172
20174
20182
20183
20185
20186
20196
20202
20205
20217
20222
20224
20226
20231
20232
20236
20263
20276
20287
20290
20296
20308
20332
20353
20365
20380
20383
20405
20407
20414
20423
20424
20426
20436
20441
20444
20453
20457
20499
20500
20503
20512
20526
20527
20528
20554
20558
20560
20561
20575
20577
20584
20585
20594
20596
20599
20608
20612
20613
20615
20628
20633
20638
20653
20662
20666
20676
20687
20691
20702
20713
20732
20735
20739
20740
20751
20766
20776
20779
20784
20797
20810
20829
20849
20857
20860
20862
20866
20882
20891
20902
20905
20906
20908
20915
20928
20946
20947
20948
20956
20959
20966
20991
21004
21006
21018
21025
21033
21036
21051
21055
21073
21077
21084
21089
21094
21100
21107
21110
21117
21119
21138
21142
21147
21155
21161
21167
21175
21180
21183
21187
21193
21196
21201
21203
21209
21211
21212
21216
21223
21241
21257
21269
21275
21283
21294
21313
21321
21340
21347
21384
21393
21409
21410
21413
21428
21429
21431
21442
21455
21456
21458
21461
21470
21473
21475
21495
21496
21497
21516
21519
21534
21550
21568
21570
21572
21577
21601
21605
21612
21616
21624
21631
21632
21642
21644
21649
21657
21666
21676
21677
21681
21688
21694
21703
21708
21713
21721
21727
21732
21739
21742
21748
21749
21755
21756
21771
21772
21774
21782
21809
21823
21827
21834
21843
21849
21852
21855
21876
21877
21888
21898
21900
21907
21913
21924
21940
21961
21978
21979
21982
21984
21993
22007
22022
22049
22065
22067
22068
22092
22094
22098
22101
22114
22117
22123
22124
22125
22126
22133
22134
22140
22147
22154
22170
22179
22180
22185
22201
22204
22206
22211
22226
22253
22257
22262
22273
22288
22292
22297
22300
22306
22324
22325
22333
22345
22351
22357
22363
22404
22411
22415
22421
22426
22428
22433
22442
22447
22448
22467
22470
22472
22475
22481
22485
22487
22490
22494
22501
22503
22507
22515
22527
22528
22529
22531
22534
22541
22545
22548
22553
22557
22568
22569
22587
22591
22594
22603
22619
22622
22624
22625
22634
22667
22673
22674
22687
22696
22704
22708
22725
22730
22731
22736
22740
22750
22762
22764
22767
22769
22771
22793
22820
22821
22824
22828
22831
22855
22862
22864
22874
22894
22895
22906
22908
22925
22933
22937
22938
22953
22959
22963
22967
22970
22972
22977
22982
22988
22997
23010
23013
23017
23018
23035
23037
23055
23056
23069
23071
23075
23076
23085
23094
23099
23113
23116
23119
23120
23144
23150
23151
23155
23156
23171
23189
23194
23198
23200
23201
23212
23215
23228
23235
23243
23246
23259
23269
23270
23297
23298
23300
23317
23330
23332
23335
23340
23349
23350
23353
23364
23382
23386
23423
23455
23459
23473
23484
23486
23488
23495
23511
23523
23527
23530
23540
23545
23560
23562
23569
23571
23582
23585
23598
23604
23607
23609
23610
23616
23618
23621
23638
23639
23647
23651
23652
23658
23675
23685
23696
23702
23722
23723
23731
23733
23741
23742
23743
23754
23761
23762
23799
23804
23829
23833
23836
23840
23855
23857
23859
23871
23884
23893
23897
23908
23912
23913
23914
23924
23942
23948
23953
23968
23969
23987
23997
24056
24078
24083
24091
24094
24106
24107
24114
24121
24125
24126
24127
24130
24152
24156
24165
24170
24175
24188
24193
24196
24201
24204
24205
24207
24224
24231
24233
24235
24252
24253
24260
24271
24272
24292
24303
24307
24311
24317
24320
24327
24332
24333
24351
24352
24375
24382
24387
24403
24406
24410
24415
24420
24437
24438
24439
24454
24455
24457
24467
24472
24477
24480
24487
24505
24522
24524
24542
24563
24566
24567
24576
24578
24586
24595
24596
24603
24609
24616
24626
24639
24643
24647
24648
24652
24653
24683
24686
24689
24698
24702
24704
24705
24709
24712
24721
24725
24735
24737
24742
24743
24751
24753
24769
24784
24786
24822
24828
24850
24874
24877
24878
24889
24900
24920
24922
24928
24945
24949
24951
24958
24960
24961
24968
24973
24978
24985
24987
24990
24991
24995
24998
25004
25011
25021
25026
25029
25038
25047
25048
25052
25059
25068
25072
25089
25097
25102
25108
25115
25123
25133
25142
25161
25166
25169
25174
25176
25185
25188
25194
25195
25201
25206
25208
25209
25215
25226
25227
25238
25253
25266
25270
25273
25290
25312
25314
25316
25325
25327
25344
25363
25372
25382
25386
25398
25404
25426
25430
25433
25439
25469
25471
25478
25491
25493
25508
25514
25521
25529
25533
25540
25542
25550
25562
25582
25589
25591
25595
25597
25606
25622
25626
25627
25632
25642
25644
25654
25671
25673
25679
25683
25706
25713
25720
25722
25734
25737
25744
25747
25749
25750
25753
25758
25760
25763
25770
25774
25780
25786
25791
25802
25807
25816
25821
25826
25845
25860
25865
25872
25879
25883
25890
25891
25912
25916
25917
25919
25924
25931
25942
25946
25959
25996
25997
25999
26005
26014
26020
26036
26046
26047
26050
26052
26054
26056
26058
26062
26065
26067
26075
26077
26078
26085
26095
26097
26108
26116
26117
26119
26138
26143
26158
26183
26192
26194
26198
26203
26207
26210
26218
26222
26223
26225
26235
26241
26248
26251
26264
26289
26290
26295
26304
26309
26324
26353
26366
26371
26372
26380
26382
26397
26398
26404
26405
26406
26416
26428
26455
26468
26477
26485
26493
26496
26504
26530
26534
26537
26544
26548
26567
26570
26581
26603
26606
26609
26615
26619
26620
26635
26651
26654
26660
26663
26680
26683
26689
26690
26706
26707
26709
26716
26719
26724
26728
26730
26738
26747
26755
26776
26778
26784
26800
26805
26812
26818
26835
26836
26844
26855
26861
26873
26877
26879
26895
26898
26904
26917
26919
26927
26960
26971
26979
26984
26986
26990
26992
26997
26998
27009
27012
27013
27016
27025
27038
27039
27049
27058
27061
27066
27070
27071
27082
27102
27106
27108
27113
27114
27115
27117
27123
27126
27127
27129
27132
27134
27141
27151
27166
27188
27190
27191
27194
27203
27210
27218
27220
27225
27226
27247
27258
27276
27277
27280
27286
27295
27298
27301
27312
27343
27346
27360
27376
27400
27409
27428
27435
27440
27441
27453
27454
27455
27478
27481
27488
27495
27505
27506
27511
27513
27522
27529
27531
27535
27537
27542
27544
27560
27561
27577
27579
27582
27587
27590
27602
27611
27623
27625
27626
27630
27637
27638
27645
27650
27652
27654
27663
27684
27689
27694
27706
27732
27738
27749
27753
27760
27763
27777
27779
27784
27791
27801
27804
27829
27838
27843
27872
27875
27892
27903
27907
27908
27928
27933
27940
27941
27960
27970
27996
28009
28020
28023
28027
28028
28039
28050
28051
28074
28081
28096
28099
28106
28107
28111
28123
28141
28157
28168
28170
28171
28180
28183
28184
28202
28209
28217
28218
28219
28221
28224
28227
28229
28230
28232
28255
28256
28266
28272
28285
28304
28310
28320
28340
28348
28349
28357
28363
28367
28375
28381
28382
28394
28406
28409
28411
28419
28426
28428
28429
28431
28453
28456
28472
28486
28500
28505
28513
28519
28520
28526
28537
28541
28565
28585
28594
28597
28598
28612
28619
28625
28629
28638
28656
28657
28664
28670
28680
28682
28683
28690
28696
28700
28703
28704
28706
28711
28725
28737
28743
28747
28764
28770
28775
28779
28792
28807
28820
28836
28837
28841
28851
28864
28868
28888
28891
28892
28910
28914
28918
28919
28926
28929
28944
28953
28955
28968
29003
29014
29017
29024
29025
29032
29043
29047
29050
29058
29064
29080
29084
29095
29098
29101
29102
29105
29116
29121
29129
29135
29136
29142
29145
29153
29161
29162
29167
29169
29171
29173
29174
29180
29182
29200
29205
29215
29224
29232
29233
29242
29256
29257
29259
29260
29262
29273
29276
29281
29288
29304
29307
29311
29317
29323
29331
29335
29337
29340
29350
29370
29377
29384
29391
29398
29400
29407
29419
29424
29426
29454
29467
29473
29475
29490
29494
29510
29521
29527
29546
29547
29548
29552
29554
29562
29571
29572
29573
29576
29581
29586
29587
29598
29614
29615
29622
29627
29629
29645
29646
29647
29650
29653
29678
29684
29693
29703
29705
29707
29716
29718
29719
29720
29731
29736
29742
29748
29758
29761
29772
29781
29791
29800
29805
29806
29821
29822
29823
29828
29837
29839
29850
29851
29864
29877
29878
29887
29890
29892
29903
29911
29914
29915
29933
29939
29941
29948
29951
29970
29971
29981
29989
29992
30017
30021
30023
30033
30037
30038
30044
30052
30085
30099
30105
30108
30110
30136
30138
30163
30165
30169
30202
30207
30220
30223
30247
30254
30272
30277
30280
30291
30293
30296
30300
30315
30317
30324
30337
30351
30353
30365
30367
30372
30376
30388
30402
30403
30404
30405
30406
30408
30411
30420
30423
30428
30432
30433
30438
30442
30447
30455
30456
30462
30463
30464
30493
30494
30500
30509
30512
30518
30523
30528
30531
30533
30542
30543
30545
30572
30576
30583
30584
30586
30587
30588
30594
30597
30615
30625
30631
30643
30652
30655
30670
30681
30692
30693
30699
30704
30716
30717
30719
30722
30729
30730
30736
30757
30760
30762
30770
30775
30777
30778
30784
30790
30793
30798
30799
30800
30803
30808
30818
30820
30841
30843
30855
30865
30871
30873
30874
30891
30900
30920
30922
30925
30937
30940
30961
30963
30967
31001
31007
31011
31020
31023
31032
31040
31041
31046
31047
31048
31049
31054
31055
31062
31065
31072
31073
31075
31076
31089
31092
31094
31101
31105
31112
31113
31115
31123
31136
31145
31148
31151
31155
31164
31172
31174
31186
31188
31192
31194
31199
31201
31207
31208
31213
31218
31222
31226
31245
31248
31267
31275
31290
31302
31314
31319
31321
31324
31330
31340
31341
31343
31351
31364
31367
31392
31409
31413
31417
31428
31429
31433
31435
31439
31455
31463
31465
31487
31489
31490
31491
31501
31508
31524
31530
31532
31534
31537
31548
31549
31553
31557
31566
31584
31585
31599
31612
31619
31628
31631
31636
31639
31641
31643
31661
31674
31713
31716
31720
31726
31729
31732
31739
31779
31786
31787
31794
31803
31828
31833
31837
31839
31842
31846
31852
31853
31860
31861
31866
31873
31882
31890
31891
31894
31895
31896
31899
31902
31920
31926
31936
31942
31948
31970
31983
31984
31990
31993
31997
31998
32000
32006
32008
32013
32017
32018
32034
32039
32050
32058
32061
32076
32079
32083
32099
32126
32127
32129
32133
32162
32165
32167
32170
32171
32174
32175
32179
32197
32202
32227
32244
32252
32256
32258
32264
32279
32280
32284
32290
32298
32301
32304
32305
32326
32328
32352
32358
32367
32372
32379
32390
32392
32406
32408
32414
32415
32420
32426
32432
32433
32472
32477
32479
32491
32496
32498
32499
32502
32506
32516
32522
32523
32539
32549
32551
32555
32562
32563
32573
32581
32590
32601
32610
32618
32624
32626
32633
32634
32637
32639
32644
32646
32648
32654
32656
32658
32665
32672
32677
32679
32681
32684
32687
32689
32697
32701
32704
32706
32725
32737
32751
32759
32771
32783
32786
32797
32799
32802
32807
32817
32826
32834
32837
32839
32844
32853
32857
32860
32864
32880
32882
32884
32886
32889
32903
32908
32918
32920
32923
32933
32935
32937
32948
32949
32978
32990
32991
32992
33015
33031
33034
33042
33052
33054
33056
33061
33068
33069
33088
33098
33100
33108
33133
33135
33142
33171
33188
33217
33220
33232
33233
33243
33247
33273
33280
33281
33292
33295
33310
33316
33321
33343
33351
33355
33360
33393
33394
33396
33402
33404
33413
33415
33418
33430
33431
33436
33445
33447
33453
33456
33460
33466
33468
33476
33477
33483
33490
33507
33523
33525
33529
33532
33549
33556
33560
33566
33572
33604
33611
33612
33620
33638
33641
33643
33645
33667
33686
33700
33708
33709
33716
33719
33726
33746
33755
33787
33791
33799
33807
33817
33831
33839
33849
33852
33858
33863
33865
33866
33872
33874
33876
33883
33909
33920
33929
33936
33940
33947
33961
33977
33980
33984
33991
33997
33998
34029
34031
34032
34035
34057
34060
34073
34080
34082
34100
34106
34117
34120
34140
34141
34146
34157
34180
34187
34188
34193
34198
34199
34202
34229
34240
34245
34246
34249
34262
34318
34321
34345
34353
34356
34365
34377
34379
34383
34386
34388
34396
34401
34403
34424
34428
34430
34434
34444
34451
34452
34454
34465
34470
34471
34481
34488
34493
34496
34505
34507
34510
34518
34534
34536
34544
34553
34554
34558
34572
34574
34590
34592
34606
34611
34618
34621
34623
34626
34628
34631
34632
34641
34648
34669
34675
34686
34692
34697
34719
34720
34722
34723
34739
34753
34758
34776
34781
34787
34799
34825
34830
34836
34841
34854
34855
34858
34865
34876
34883
34888
34889
34895
34905
34907
34924
34926
34936
34941
34948
34956
34957
34963
34992
35007
35017
35018
35030
35050
35052
35067
35071
35085
35099
35103
35110
35111
35112
35121
35147
35150
35151
35157
35163
35173
35174
35184
35185
35186
35187
35190
35196
35198
35203
35224
35230
35239
35245
35264
35290
35299
35311
35338
35349
35362
35365
35371
35383
35415
35422
35427
35429
35430
35433
35438
35442
35446
35447
35452
35458
35462
35467
35469
35480
35481
35485
35493
35540
35557
35567
35573
35582
35586
35594
35595
35604
35614
35615
35616
35620
35621
35623
35642
35654
35661
35674
35680
35685
35686
35711
35713
35727
35736
35739
35745
35758
35764
35769
35790
35800
35805
35806
35812
35821
35843
35847
35849
35852
35869
35871
35876
35881
35890
35893
35896
35897
35899
35901
35911
35918
35931
35935
35938
35942
35951
35954
35965
35970
35972
35974
35985
35986
35990
35994
35998
36008
36009
36024
36027
36035
36036
36041
36042
36051
36052
36068
36071
36076
36085
36087
36092
36093
36108
36120
36122
36123
36155
36163
36174
36176
36185
36187
36198
36201
36210
36212
36214
36218
36219
36224
36230
36231
36234
36241
36272
36273
36276
36288
36309
36317
36321
36325
36339
36355
36360
36368
36370
36372
36377
36379
36382
36402
36411
36412
36441
36444
36452
36460
36467
36474
36475
36503
36518
36523
36526
36529
36544
36556
36558
36573
36577
36582
36598
36599
36616
36620
36623
36628
36629
36635
36642
36643
36647
36650
36652
36667
36670
36672
36715
36721
36729
36733
36757
36758
36761
36763
36771
36776
36781
36785
36790
36796
36798
36802
36808
36816
36827
36835
36846
36854
36855
36860
36870
36878
36887
36902
36925
36927
36942
36943
36944
36948
36954
36959
36968
36972
36975
36977
36981
36990
36992
36996
36999
37000
37008
37009
37019
37025
37033
37034
37036
37043
37045
37056
37060
37062
37067
37077
37083
37091
37093
37097
37098
37111
37114
37136
37144
37149
37165
37183
37188
37193
37197
37206
37217
37221
37223
37236
37248
37254
37257
37268
37271
37272
37274
37275
37292
37299
37303
37305
37308
37311
37314
37327
37332
37339
37344
37346
37356
37367
37369
37373
37385
37386
37394
37398
37411
37413
37421
37433
37444
37448
37451
37472
37480
37487
37489
37503
37520
37522
37531
37535
37538
37547
37550
37561
37566
37569
37576
37578
37580
37581
37586
37591
37597
37601
37631
37647
37648
37650
37660
37663
37676
37677
37683
37686
37687
37688
37689
37691
37700
37706
37728
37729
37731
37733
37736
37740
37752
37753
37757
37768
37769
37770
37773
37777
37781
37790
37791
37792
37797
37806
37817
37830
37837
37852
37853
37864
37875
37897
37903
37909
37910
37912
37914
37926
37943
37952
37955
37963
37969
37970
37972
37973
37978
37979
37982
37993
37995
38001
38008
38013
38018
38037
38058
38060
38064
38068
38069
38098
38104
38111
38118
38125
38130
38141
38160
38169
38174
38188
38193
38217
38226
38238
38256
38262
38265
38266
38277
38282
38295
38296
38299
38300
38303
38311
38331
38334
38346
38353
38360
38375
38381
38406
38416
38437
38446
38448
38460
38470
38478
38479
38483
38488
38492
38493
38509
38519
38527
38529
38539
38553
38562
38563
38573
38574
38579
38593
38599
38611
38623
38630
38635
38637
38641
38652
38659
38660
38673
38694
38739
38741
38743
38744
38748
38755
38773
38787
38789
38792
38796
38800
38802
38808
38811
38820
38823
38831
38833
38836
38857
38860
38867
38869
38872
38905
38920
38927
38931
38939
38940
38948
38984
38989
39014
39019
39029
39042
39058
39059
39066
39081
39096
39102
39118
39127
39129
39145
39147
39174
39180
39192
39202
39215
39226
39244
39262
39269
39273
39277
39278
39283
39286
39291
39302
39303
39311
39313
39315
39316
39330
39338
39343
39349
39356
39368
39371
39373
39375
39381
39384
39388
39391
39419
39421
39423
39431
39444
39448
39456
39458
39459
39462
39496
39497
39500
39507
39512
39517
39520
39525
39531
39559
39561
39568
39576
39592
39605
39610
39628
39633
39648
39652
39659
39662
39668
39673
39674
39683
39686
39692
39693
39700
8
0
150
170
229
248
347
431
451
