272
0
4
18
47
52
66
74
78
121
124
134
143
146
163
183
186
191
198
215
226
255
259
274
278
310
343
352
353
379
392
416
428
438
449
451
481
491
507
527
531
557
565
567
580
601
627
631
636
641
647
662
667
720
725
733
746
749
752
753
760
798
805
811
812
828
835
850
863
872
879
883
899
900
904
907
908
926
938
941
946
953
959
974
975
984
990
995
1003
1007
1015
1055
1070
1071
1075
1087
1090
1094
1104
1111
1125
1141
1143
1155
1157
1159
1160
1165
1176
1206
1209
1235
1253
1256
1260
1261
1277
1288
1289
1293
1294
1295
1306
1314
1319
1321
1342
1344
1354
1359
1369
1374
1379
1380
1401
1402
1406
1418
1419
1430
1445
1458
1460
1481
1487
1499
1513
1514
1521
1531
1543
1547
1557
1558
1567
1586
1600
1602
1605
1624
1627
1653
1669
1675
1678
1688
1691
1707
1717
1721
1728
1734
1739
1754
1767
1768
1771
1775
1783
1786
1787
1795
1796
1797
1801
1802
1813
1818
1829
1844
1846
1853
1865
1882
1890
1899
1905
1913
1923
1947
1954
1976
1978
1983
1992
1997
2001
2002
2017
2079
2093
2107
2108
2128
2139
2141
2152
2173
2192
2195
2201
2206
2226
2231
2233
2241
2243
2246
2248
2261
2262
2288
2295
2302
2309
2313
2317
2327
2344
2352
2353
2356
2362
2386
2395
2443
2459
2461
2473
2477
2485
2496
2497
2502
2520
2523
2524
2547
2565
2570
2572
2592
2603
2611
2642
2673
2680
2702
2705
2713
2720
2723
2727
4
20
99
126
139
