3416
9
10
26
29
31
37
38
43
46
49
51
56
59
61
65
71
72
74
83
89
94
97
101
119
120
121
129
130
131
134
135
146
153
156
160
163
164
171
175
179
180
185
187
188
200
204
207
208
216
222
229
236
240
242
249
254
255
256
257
261
266
281
286
287
288
294
316
320
332
343
346
352
354
355
365
371
375
385
389
396
412
413
416
418
428
439
451
452
453
454
456
457
468
475
477
488
507
508
519
526
533
543
544
571
578
584
610
611
620
623
625
634
635
637
641
650
673
674
677
678
685
690
699
710
711
725
726
731
739
741
758
760
771
776
781
783
786
795
796
797
798
802
810
812
813
817
818
820
828
831
835
844
849
855
866
870
871
872
874
878
888
891
897
903
904
906
910
916
925
936
942
948
951
962
966
969
972
977
988
994
999
1001
1002
1009
1021
1025
1027
1029
1030
1038
1039
1040
1043
1047
1051
1052
1071
1074
1075
1076
1082
1088
1101
1113
1115
1119
1121
1123
1126
1130
1132
1134
1145
1147
1156
1168
1169
1170
1176
1179
1181
1182
1193
1195
1200
1208
1218
1222
1236
1238
1239
1249
1268
1271
1273
1282
1289
1290
1299
1300
1303
1306
1315
1323
1327
1329
1333
1346
1365
1370
1371
1372
1376
1378
1379
1386
1389
1394
1395
1402
1403
1413
1427
1431
1436
1444
1446
1457
1459
1462
1475
1483
1490
1502
1504
1508
1511
1513
1523
1527
1532
1540
1542
1545
1551
1559
1572
1573
1578
1589
1590
1598
1599
1601
1603
1623
1624
1627
1631
1633
1635
1636
1645
1646
1648
1652
1654
1657
1666
1668
1678
1679
1691
1692
1706
1714
1726
1734
1741
1753
1754
1759
1762
1764
1780
1787
1802
1804
1810
1814
1817
1822
1830
1832
1839
1840
1849
1852
1860
1862
1866
1870
1882
1895
1899
1909
1913
1914
1921
1923
1925
1931
1938
1944
1948
1954
1959
1975
1979
1983
1995
2001
2013
2017
2036
2040
2041
2043
2050
2058
2061
2083
2085
2091
2098
2100
2117
2121
2145
2156
2160
2162
2165
2167
2169
2176
2193
2195
2196
2199
2216
2220
2225
2231
2238
2241
2242
2257
2259
2263
2265
2268
2282
2285
2287
2289
2299
2306
2311
2316
2319
2325
2342
2345
2346
2347
2351
2352
2354
2359
2360
2364
2366
2369
2377
2408
2409
2411
2415
2419
2435
2440
2460
2468
2470
2475
2476
2481
2482
2500
2504
2508
2509
2512
2516
2518
2522
2523
2524
2540
2546
2549
2567
2570
2575
2593
2599
2608
2610
2611
2622
2625
2632
2634
2638
2648
2650
2651
2652
2654
2658
2665
2668
2673
2679
2681
2682
2684
2687
2704
2707
2712
2744
2750
2754
2758
2759
2766
2769
2775
2793
2805
2808
2817
2828
2840
2844
2848
2851
2856
2863
2872
2874
2875
2877
2881
2887
2895
2907
2931
2937
2944
2963
2966
2967
2968
2970
2972
2981
2983
2984
2992
2995
3000
3001
3003
3004
3006
3009
3011
3021
3023
3028
3034
3037
3038
3042
3048
3055
3063
3065
3067
3070
3072
3073
3089
3094
3105
3106
3118
3123
3130
3136
3139
3140
3144
3146
3158
3160
3168
3176
3181
3183
3187
3195
3205
3210
3216
3224
3236
3249
3258
3278
3286
3290
3291
3305
3306
3310
3321
3324
3325
3335
3339
3341
3348
3353
3355
3356
3361
3364
3365
3376
3383
3404
3419
3423
3427
3434
3438
3440
3442
3446
3457
3462
3464
3467
3469
3473
3476
3483
3509
3523
3528
3532
3533
3534
3542
3543
3545
3554
3555
3563
3573
3576
3580
3592
3594
3607
3614
3621
3623
3631
3639
3661
3662
3691
3699
3703
3705
3710
3713
3715
3720
3726
3727
3728
3733
3735
3739
3750
3760
3761
3766
3776
3777
3780
3784
3788
3791
3793
3808
3811
3814
3821
3831
3832
3834
3842
3849
3857
3862
3864
3870
3877
3878
3885
3895
3904
3910
3913
3930
3932
3936
3939
3940
3944
3945
3950
3960
3966
3973
3986
3996
4005
4010
4016
4017
4028
4034
4061
4063
4064
4086
4090
4091
4097
4117
4124
4151
4153
4164
4185
4193
4194
4199
4200
4209
4230
4235
4243
4250
4270
4289
4292
4294
4297
4300
4321
4322
4332
4334
4351
4356
4361
4371
4374
4382
4389
4390
4396
4399
4411
4422
4427
4431
4439
4442
4444
4449
4452
4463
4468
4494
4498
4511
4512
4515
4531
4540
4555
4557
4560
4561
4572
4578
4600
4609
4611
4616
4617
4620
4624
4625
4627
4635
4640
4646
4647
4653
4662
4667
4670
4673
4678
4679
4683
4685
4688
4699
4703
4704
4712
4717
4719
4735
4736
4738
4757
4777
4799
4813
4814
4820
4822
4823
4824
4827
4828
4829
4830
4832
4837
4864
4869
4870
4878
4879
4883
4884
4896
4899
4903
4912
4922
4941
4947
4950
4958
4959
4965
4967
4968
4972
4984
4985
4991
4993
5025
5031
5044
5045
5054
5055
5071
5072
5081
5086
5089
5110
5111
5114
5116
5134
5152
5167
5182
5189
5200
5206
5209
5212
5223
5224
5226
5227
5228
5236
5240
5252
5280
5291
5292
5298
5307
5310
5311
5312
5318
5328
5329
5332
5338
5341
5351
5353
5357
5358
5360
5364
5366
5368
5370
5371
5375
5387
5389
5398
5405
5407
5410
5415
5417
5419
5428
5433
5434
5435
5436
5442
5447
5453
5459
5466
5470
5473
5491
5494
5500
5511
5512
5518
5520
5530
5539
5543
5544
5554
5556
5557
5566
5568
5583
5584
5587
5590
5600
5602
5607
5616
5621
5629
5635
5638
5643
5651
5660
5671
5672
5679
5680
5690
5693
5697
5701
5705
5721
5726
5728
5729
5736
5745
5748
5749
5761
5763
5765
5770
5771
5773
5776
5778
5787
5788
5789
5790
5795
5796
5799
5814
5823
5828
5833
5838
5843
5847
5848
5868
5881
5888
5889
5890
5902
5916
5924
5925
5934
5951
5956
5958
5962
5964
5965
5969
5976
5982
5989
5998
6001
6005
6013
6040
6046
6047
6056
6059
6063
6072
6089
6090
6091
6092
6103
6108
6120
6122
6139
6150
6166
6181
6186
6190
6200
6217
6218
6225
6239
6241
6251
6265
6266
6273
6276
6288
6291
6297
6303
6308
6310
6311
6323
6335
6338
6341
6366
6368
6369
6373
6391
6401
6411
6416
6433
6438
6443
6447
6461
6462
6464
6468
6473
6481
6482
6484
6488
6490
6491
6501
6505
6509
6517
6520
6533
6534
6539
6541
6542
6545
6546
6552
6554
6565
6568
6574
6575
6579
6581
6582
6589
6591
6592
6609
6621
6630
6637
6639
6645
6646
6650
6653
6659
6662
6670
6682
6683
6696
6697
6704
6707
6709
6717
6719
6720
6721
6723
6731
6740
6745
6746
6755
6757
6763
6765
6781
6794
6813
6838
6839
6852
6859
6863
6864
6888
6890
6897
6899
6917
6919
6934
6935
6947
6950
6958
6961
6970
6978
6987
7010
7021
7022
7023
7024
7026
7030
7044
7046
7059
7061
7063
7067
7070
7074
7078
7079
7080
7084
7087
7088
7094
7098
7101
7104
7111
7129
7131
7137
7138
7143
7144
7145
7155
7163
7166
7167
7170
7181
7194
7197
7201
7202
7206
7210
7212
7215
7220
7228
7238
7241
7245
7260
7265
7276
7280
7281
7285
7287
7294
7295
7303
7304
7309
7316
7323
7330
7333
7340
7347
7351
7353
7370
7372
7380
7382
7383
7387
7388
7389
7392
7400
7405
7406
7409
7415
7422
7428
7443
7449
7465
7489
7498
7505
7508
7512
7534
7537
7542
7554
7563
7564
7565
7600
7612
7617
7621
7627
7639
7640
7644
7668
7695
7702
7710
7711
7713
7714
7722
7731
7745
7753
7767
7769
7772
7775
7778
7784
7789
7793
7794
7802
7805
7843
7844
7848
7856
7889
7890
7901
7902
7910
7919
7922
7928
7932
7934
7963
7966
7967
7970
7971
7973
7974
7976
7978
7985
7986
7990
7997
7998
7999
8000
8001
8007
8008
8011
8018
8031
8034
8038
8039
8043
8051
8055
8073
8082
8091
8092
8103
8110
8120
8125
8127
8129
8140
8150
8153
8163
8172
8178
8183
8195
8200
8211
8213
8217
8218
8225
8237
8262
8280
8284
8286
8288
8289
8293
8300
8308
8310
8311
8316
8318
8319
8321
8322
8323
8325
8332
8348
8352
8353
8359
8361
8365
8367
8380
8381
8383
8386
8407
8409
8415
8416
8421
8430
8436
8444
8446
8453
8465
8478
8484
8487
8500
8507
8521
8523
8527
8528
8530
8534
8539
8547
8553
8556
8558
8559
8595
8604
8611
8612
8617
8625
8628
8632
8635
8644
8655
8657
8659
8668
8673
8675
8685
8689
8692
8708
8712
8722
8723
8726
8730
8733
8736
8737
8740
8741
8745
8752
8761
8765
8767
8770
8784
8785
8787
8788
8799
8801
8803
8814
8815
8820
8824
8846
8850
8858
8860
8861
8863
8864
8868
8870
8875
8876
8894
8895
8896
8902
8908
8909
8913
8921
8925
8926
8936
8939
8941
8945
8955
8962
8969
8988
9010
9020
9021
9024
9028
9034
9037
9052
9061
9063
9068
9075
9077
9083
9086
9088
9100
9101
9102
9104
9105
9116
9118
9125
9130
9131
9136
9143
9144
9153
9164
9178
9180
9181
9188
9192
9193
9194
9204
9220
9221
9223
9239
9244
9255
9258
9260
9264
9267
9270
9294
9305
9323
9330
9338
9339
9345
9357
9360
9361
9370
9377
9383
9398
9406
9414
9416
9422
9425
9449
9450
9462
9469
9470
9472
9480
9489
9493
9512
9514
9517
9519
9538
9543
9550
9562
9567
9577
9582
9584
9588
9594
9595
9598
9605
9609
9620
9623
9625
9637
9648
9656
9657
9662
9664
9669
9692
9697
9703
9705
9711
9714
9717
9720
9725
9726
9727
9731
9734
9742
9743
9751
9757
9760
9764
9771
9772
9774
9779
9791
9794
9810
9814
9815
9817
9850
9852
9853
9857
9863
9865
9868
9873
9874
9875
9876
9893
9899
9903
9907
9916
9918
9922
9924
9930
9932
9934
9953
9956
9964
9967
9968
9975
9981
9991
9998
9999
10010
10011
10015
10016
10020
10023
10041
10052
10057
10069
10071
10079
10081
10083
10086
10094
10102
10108
10119
10122
10130
10132
10135
10144
10145
10153
10158
10160
10163
10167
10188
10196
10200
10204
10213
10214
10223
10230
10244
10250
10256
10263
10268
10278
10280
10287
10289
10293
10309
10310
10313
10316
10326
10327
10329
10334
10337
10339
10340
10344
10351
10353
10372
10406
10424
10431
10434
10439
10440
10446
10457
10458
10469
10484
10490
10494
10497
10505
10507
10511
10513
10515
10520
10523
10529
10532
10534
10539
10548
10550
10560
10561
10572
10587
10599
10609
10612
10615
10617
10622
10624
10628
10631
10634
10636
10637
10646
10649
10650
10656
10661
10662
10664
10668
10671
10676
10677
10686
10696
10707
10708
10709
10717
10720
10725
10726
10728
10735
10741
10745
10749
10750
10753
10757
10769
10773
10774
10783
10787
10789
10791
10806
10808
10809
10815
10816
10817
10822
10824
10828
10840
10842
10843
10848
10856
10863
10877
10881
10898
10915
10919
10923
10925
10928
10939
10948
10952
10968
10973
10977
10985
10987
10990
11000
11001
11022
11023
11030
11031
11036
11038
11042
11043
11052
11055
11059
11060
11069
11071
11073
11079
11081
11083
11090
11096
11103
11104
11118
11121
11126
11139
11141
11146
11148
11157
11164
11166
11170
11171
11173
11175
11186
11189
11194
11200
11204
11205
11212
11213
11226
11228
11229
11234
11244
11247
11251
11262
11263
11265
11268
11270
11274
11279
11282
11286
11290
11291
11294
11299
11300
11302
11303
11315
11316
11333
11336
11339
11356
11361
11363
11368
11378
11383
11386
11391
11396
11403
11407
11431
11437
11447
11455
11463
11464
11470
11473
11474
11475
11478
11497
11500
11501
11502
11508
11520
11521
11560
11569
11573
11578
11600
11604
11617
11618
11620
11630
11645
11652
11653
11654
11663
11665
11667
11682
11701
11705
11711
11727
11728
11737
11739
11750
11752
11753
11755
11758
11765
11798
11802
11803
11808
11813
11829
11837
11841
11847
11848
11857
11858
11862
11865
11869
11884
11886
11894
11896
11899
11906
11909
11913
11920
11922
11927
11936
11947
11952
11957
11960
11962
11965
11982
11983
11995
11998
12000
12006
12007
12022
12026
12035
12044
12052
12061
12066
12069
12071
12076
12079
12080
12087
12090
12091
12092
12102
12104
12107
12109
12111
12124
12149
12154
12162
12166
12172
12178
12181
12190
12204
12215
12229
12240
12246
12248
12257
12258
12264
12267
12274
12276
12278
12285
12286
12294
12295
12300
12302
12307
12309
12327
12341
12343
12344
12345
12349
12358
12369
12372
12386
12398
12399
12414
12418
12422
12424
12447
12448
12450
12451
12453
12457
12462
12466
12493
12494
12510
12517
12518
12521
12534
12544
12550
12570
12576
12585
12588
12589
12592
12598
12599
12602
12603
12604
12610
12611
12617
12622
12623
12625
12634
12647
12651
12653
12658
12670
12679
12680
12684
12686
12687
12695
12699
12707
12712
12720
12729
12731
12733
12747
12751
12753
12754
12760
12761
12767
12769
12774
12793
12800
12804
12807
12808
12819
12825
12831
12834
12846
12847
12852
12853
12855
12857
12868
12869
12870
12873
12879
12895
12897
12901
12913
12922
12928
12933
12935
12940
12942
12943
12948
12951
12953
12955
12957
12958
12963
12974
12988
12992
12998
12999
13005
13010
13019
13020
13030
13031
13033
13035
13038
13045
13047
13060
13067
13075
13080
13102
13112
13113
13117
13120
13138
13139
13142
13145
13155
13160
13165
13175
13188
13189
13190
13205
13207
13209
13211
13214
13216
13219
13221
13228
13230
13233
13236
13237
13268
13269
13278
13285
13291
13296
13301
13304
13305
13309
13310
13319
13325
13331
13338
13342
13348
13351
13359
13361
13366
13367
13370
13373
13381
13384
13399
13401
13406
13415
13418
13423
13424
13425
13430
13432
13464
13488
13489
13494
13496
13500
13502
13509
13518
13521
13523
13524
13528
13541
13543
13556
13562
13573
13576
13578
13579
13584
13585
13591
13593
13597
13606
13608
13611
13612
13614
13615
13619
13620
13622
13626
13634
13638
13645
13647
13652
13653
13658
13660
13666
13669
13673
13675
13677
13680
13684
13686
13690
13691
13698
13702
13712
13716
13721
13722
13737
13740
13742
13748
13757
13761
13776
13784
13787
13793
13799
13807
13808
13818
13822
13827
13831
13850
13851
13852
13853
13859
13870
13893
13896
13900
13903
13908
13914
13925
13928
13932
13933
13942
13944
13949
13956
13957
13963
13968
13970
13972
13977
13982
13985
13989
13995
14006
14013
14017
14020
14031
14034
14038
14051
14052
14061
14066
14081
14082
14091
14093
14106
14123
14126
14130
14133
14136
14140
14144
14145
14146
14169
14173
14174
14178
14181
14183
14192
14194
14198
14203
14205
14208
14215
14216
14217
14224
14236
14238
14246
14254
14263
14274
14276
14281
14282
14285
14290
14294
14306
14308
14314
14330
14335
14348
14350
14354
14363
14372
14374
14380
14381
14388
14394
14399
14400
14407
14423
14425
14429
14442
14443
14449
14455
14458
14465
14469
14488
14491
14493
14495
14499
14509
14511
14516
14517
14521
14523
14570
14572
14578
14581
14582
14592
14593
14606
14611
14630
14635
14637
14638
14654
14655
14661
14663
14667
14679
14698
14706
14707
14714
14720
14722
14725
14726
14734
14737
14749
14754
14759
14762
14764
14769
14770
14773
14777
14779
14781
14784
14793
14799
14808
14814
14822
14823
14843
14844
14848
14864
14867
14875
14887
14891
14910
14911
14915
14922
14929
14963
14971
14975
14982
14989
15000
15001
15007
15008
15012
15022
15027
15032
15041
15044
15051
15053
15055
15060
15085
15089
15102
15106
15108
15119
15138
15141
15142
15143
15144
15162
15184
15189
15190
15191
15192
15196
15200
15201
15204
15205
15208
15219
15220
15222
15223
15226
15228
15231
15232
15233
15240
15247
15250
15271
15276
15280
15282
15288
15291
15293
15304
15308
15309
15312
15314
15315
15325
15326
15335
15338
15348
15349
15352
15361
15362
15365
15367
15368
15377
15378
15380
15387
15388
15401
15409
15419
15430
15433
15453
15461
15463
15471
15475
15476
15477
15479
15486
15492
15494
15509
15523
15530
15549
15552
15553
15556
15570
15573
15581
15584
15588
15600
15609
15618
15624
15627
15638
15642
15643
15667
15674
15681
15696
15703
15708
15709
15729
15734
15743
15745
15746
15752
15767
15772
15775
15780
15784
15786
15787
15796
15811
15812
15813
15822
15832
15845
15846
15848
15857
15863
15865
15869
15875
15884
15887
15890
15891
15898
15904
15919
15922
15926
15936
15939
15947
15959
15961
15975
15980
15982
15994
15999
16014
16017
16024
16027
16029
16038
16040
16042
16057
16058
16059
16063
16068
16077
16079
16087
16094
16102
16106
16118
16121
16123
16130
16132
16134
16148
16152
16158
16165
16168
16171
16173
16174
16178
16182
16183
16189
16199
16200
16209
16210
16216
16220
16222
16230
16232
16236
16239
16248
16255
16262
16268
16277
16279
16283
16285
16303
16309
16310
16311
16314
16315
16316
16322
16327
16340
16341
16343
16349
16352
16364
16371
16377
16379
16384
16391
16397
16398
16399
16408
16412
16413
16421
16424
16432
16433
16434
16435
16442
16444
16457
16470
16477
16482
16508
16509
16514
16520
16523
16538
16545
16555
16556
16557
16567
16571
16588
16611
16613
16616
16637
16642
16645
16647
16656
16664
16667
16670
16674
16682
16684
16692
16699
16703
16705
16707
16710
16714
16721
16753
16763
16769
16773
16776
16777
16784
16789
16795
16801
16802
16809
16810
16815
16817
16824
16828
16830
16836
16838
16850
16858
16859
16874
16875
16881
16887
16891
16902
16917
16920
16921
16925
16928
16943
16948
16955
16958
16961
16964
16965
16966
16973
16981
16991
16995
17019
17020
17032
17040
17043
17056
17057
17058
17064
17071
17074
17080
17092
17104
17107
17124
17128
17134
17140
17141
17144
17151
17158
17162
17179
17193
17194
17197
17200
17202
17204
17211
17215
17224
17230
17232
17236
17246
17252
17256
17258
17260
17265
17272
17277
17280
17285
17292
17294
17298
17299
17308
17309
17322
17328
17333
17336
17338
17354
17358
17359
17364
17369
17374
17376
17395
17396
17401
17406
17424
17429
17436
17437
17447
17449
17456
17460
17461
17469
17489
17491
17503
17509
17513
17519
17520
17536
17539
17540
17549
17563
17569
17572
17573
17574
17590
17593
17594
17596
17600
17609
17615
17621
17628
17630
17633
17640
17661
17675
17677
17680
17681
17683
17685
17701
17708
17713
17718
17724
17726
17735
17737
17741
17747
17750
17776
17777
17778
17779
17806
17808
17824
17825
17844
17849
17852
17857
17865
17874
17914
17921
17926
17931
17932
17934
17953
17955
17980
17986
17997
18012
18016
18023
18036
18037
18048
18062
18072
18077
18092
18110
18119
18122
18131
18152
18155
18156
18173
18181
18187
18195
18220
18221
18227
18231
18237
18248
18249
18251
18255
18257
18261
18263
18266
18268
18269
18277
18290
18298
18308
18316
18318
18323
18340
18346
18352
18368
18369
18371
18389
18395
18409
18410
18421
18423
18428
18440
18449
18453
18461
18463
18464
18471
18477
18480
18482
18497
18503
18506
18509
18515
18520
18521
18528
18529
18530
18533
18535
18544
18552
18558
18575
18577
18581
18584
18587
18600
18613
18623
18624
18625
18635
18639
18640
18645
18647
18651
18662
18665
18668
18674
18675
18678
18685
18687
18688
18690
18697
18698
18699
18707
18708
18712
18713
18718
18720
18737
18740
18741
18742
18749
18750
18751
18763
18766
18767
18776
18786
18790
18792
18793
18796
18798
18801
18803
18815
18839
18841
18844
18848
18860
18863
18867
18877
18882
18885
18891
18897
18900
18902
18905
18910
18913
18917
18923
18929
18932
18935
18937
18938
18940
18944
18947
18953
18955
18960
18966
18967
18976
18979
18993
19000
19006
19009
19014
19016
19017
19020
19030
19039
19054
19056
19060
19061
19072
19081
19100
19110
19116
19120
19134
19139
19143
19145
19150
19151
19157
19173
19196
19197
19203
19212
19214
19217
19231
19246
19255
19262
19264
19269
19273
19283
19285
19292
19294
19295
19301
19313
19321
19323
19325
19340
19350
19352
19363
19364
19365
19366
19393
19395
19414
19416
19418
19428
19430
19443
19452
19456
19462
19481
19491
19493
19506
19510
19513
19514
19523
19531
19536
19538
19544
19550
19563
19564
19575
19579
19590
19593
19594
19595
19604
19605
19608
19609
19616
19617
19632
19636
19638
19640
19644
19647
19648
19651
19671
19673
19674
19678
19681
19684
19687
19690
19699
19701
19702
19716
19717
19725
19727
19730
19734
19754
19758
19761
19768
19776
19777
19779
19785
19786
19788
19790
19810
19821
19826
19840
19843
19846
19851
19860
19875
19880
19883
19891
19898
19899
19908
19910
19914
19919
19922
19924
19938
19940
19943
19944
19951
19959
19964
19971
19974
19977
19979
19991
19994
20003
20005
20009
20010
20018
20019
20031
20033
20036
20056
20059
20066
20070
20071
20073
20079
20082
20089
20108
20114
20115
20117
20120
20121
20123
20127
20129
20133
20140
20145
20153
20160
20162
20163
20168
20173
20175
20195
20198
20206
20219
20220
20221
20223
20235
20241
20243
20262
20276
20277
20278
20283
20293
20294
20297
20298
20303
20314
20315
20319
20329
20339
20342
20352
20353
20358
20361
10
0
14
49
120
150
251
302
321
340
433
