370
8
16
30
32
43
50
60
68
69
85
89
105
122
123
135
145
171
175
194
195
199
201
225
226
228
244
245
258
267
272
281
285
288
290
291
294
295
296
301
302
304
305
314
315
320
323
330
332
340
347
352
356
373
383
384
394
395
406
407
409
417
425
428
429
430
439
440
444
450
456
466
481
483
485
486
492
493
497
498
520
522
523
540
565
570
573
577
582
589
594
600
603
625
639
641
648
651
654
674
686
698
703
729
746
771
781
791
795
796
806
812
831
835
836
841
848
860
861
864
867
870
886
894
930
964
966
1005
1006
1016
1019
1028
1029
1039
1050
1061
1063
1070
1074
1095
1104
1110
1115
1118
1121
1122
1132
1137
1139
1141
1143
1144
1147
1150
1155
1158
1168
1171
1172
1206
1224
1241
1242
1251
1252
1259
1269
1293
1296
1306
1307
1310
1311
1330
1340
1348
1353
1357
1361
1367
1368
1369
1377
1379
1381
1409
1420
1421
1426
1440
1443
1460
1461
1467
1482
1487
1492
1500
1502
1509
1515
1519
1523
1527
1536
1544
1547
1552
1560
1566
1571
1578
1581
1601
1608
1628
1637
1639
1642
1647
1654
1664
1677
1687
1689
1690
1693
1694
1700
1721
1731
1733
1735
1743
1757
1771
1777
1781
1782
1783
1784
1785
1788
1796
1799
1822
1830
1832
1838
1846
1848
1862
1867
1879
1881
1882
1891
1892
1894
1911
1925
1939
1945
1946
1948
1958
1963
1975
1987
1995
1999
2003
2017
2019
2020
2026
2037
2041
2075
2076
2079
2080
2091
2092
2102
2112
2113
2124
2125
2126
2130
2131
2134
2141
2148
2154
2155
2173
2197
2212
2220
2223
2226
2233
2237
2249
2252
2263
2264
2267
2274
2275
2282
2301
2308
2312
2313
2324
2325
2333
2339
2360
2368
2369
2372
2380
2390
2394
2407
2411
2417
2420
2423
2426
2429
2431
2437
2444
2450
2456
2469
2473
2475
2485
2488
2489
2490
2501
2507
2537
2542
2543
2553
2558
2575
2579
2582
2584
2601
2604
2618
2627
2628
2637
2641
2652
2662
2669
2677
2695
2698
7
5
21
60
99
124
137
151
