1846
27
39
55
58
75
94
101
112
154
171
175
190
193
274
321
359
383
399
407
413
420
424
433
462
488
498
517
531
534
556
559
598
619
663
720
734
758
772
789
807
829
832
838
912
915
939
946
991
1156
1220
1235
1252
1277
1286
1290
1330
1342
1353
1418
1432
1453
1469
1491
1517
1535
1540
1572
1601
1606
1617
1643
1645
1657
1685
1691
1763
1765
1789
1834
1837
1847
1857
1866
1886
1916
1917
1951
1960
1965
1973
2002
2023
2034
2055
2057
2084
2106
2119
2120
2122
2139
2195
2198
2206
2223
2227
2254
2255
2257
2270
2306
2316
2321
2328
2342
2350
2399
2420
2435
2467
2472
2483
2484
2506
2512
2535
2539
2562
2594
2597
2598
2609
2621
2653
2662
2704
2735
2740
2751
2762
2887
2911
2923
2939
2942
2944
2960
2965
2974
2982
2990
3008
3015
3058
3063
3118
3145
3179
3201
3304
3314
3321
3350
3358
3366
3381
3406
3416
3417
3426
3454
3471
3479
3513
3546
3605
3613
3634
3641
3644
3646
3709
3768
3770
3801
3824
3854
3860
3865
3869
3883
3896
3913
3942
3976
4002
4016
4084
4108
4110
4162
4205
4218
4237
4241
4247
4269
4280
4281
4288
4294
4320
4330
4386
4414
4419
4432
4518
4562
4576
4592
4610
4643
4645
4649
4671
4688
4700
4710
4714
4771
4792
4800
4827
4852
4864
4902
4998
5012
5067
5087
5101
5104
5105
5135
5241
5253
5257
5270
5277
5282
5307
5310
5334
5351
5366
5371
5429
5452
5462
5464
5478
5495
5502
5513
5526
5557
5587
5588
5591
5611
5633
5654
5711
5720
5730
5751
5770
5814
5829
5841
5859
5864
5874
5896
5909
5911
5936
5958
5983
5990
6017
6031
6035
6064
6072
6096
6108
6128
6142
6152
6173
6187
6206
6207
6266
6274
6282
6298
6362
6377
6399
6414
6428
6434
6473
6502
6508
6525
6549
6570
6587
6634
6662
6674
6685
6689
6698
6699
6734
6756
6758
6778
6779
6792
6881
6883
6884
6890
6927
6997
7001
7013
7061
7075
7105
7108
7119
7120
7145
7188
7225
7230
7258
7259
7262
7269
7273
7291
7300
7309
7315
7327
7349
7350
7423
7434
7436
7443
7495
7531
7543
7555
7595
7599
7605
7619
7623
7638
7643
7652
7658
7666
7707
7713
7728
7732
7734
7735
7755
7764
7800
7934
7935
7952
7972
7973
7984
8000
8017
8070
8101
8136
8157
8185
8197
8213
8215
8222
8228
8247
8253
8262
8272
8301
8305
8307
8323
8345
8367
8372
8426
8463
8514
8539
8543
8549
8574
8599
8636
8640
8663
8697
8698
8745
8763
8803
8825
8837
8844
8882
8889
8890
8892
8903
8915
8922
8937
8941
8955
8959
9031
9065
9073
9078
9084
9096
9121
9151
9161
9188
9202
9229
9264
9314
9361
9362
9364
9372
9404
9411
9470
9473
9474
9480
9503
9545
9557
9587
9593
9654
9688
9689
9754
9782
9794
9796
9824
9832
9867
9910
9922
9948
9953
9972
9982
9994
9999
10013
10030
10035
10050
10075
10076
10083
10096
10119
10123
10158
10190
10225
10243
10278
10298
10339
10365
10411
10420
10423
10435
10448
10450
10529
10554
10590
10617
10664
10675
10692
10708
10714
10724
10728
10759
10772
10778
10789
10830
10836
10838
10896
10929
10946
11018
11039
11056
11081
11093
11107
11109
11122
11178
11213
11229
11249
11265
11303
11305
11337
11342
11350
11357
11383
11421
11423
11428
11462
11509
11609
11673
11674
11681
11691
11698
11773
11864
11916
11948
11981
12044
12060
12063
12090
12114
12123
12148
12192
12301
12325
12365
12425
12438
12448
12485
12490
12522
12540
12546
12548
12578
12579
12601
12605
12621
12629
12630
12641
12644
12698
12726
12734
12755
12774
12821
12867
12868
12869
12873
12910
12980
13003
13015
13038
13114
13139
13143
13189
13194
13196
13226
13286
13292
13298
13313
13317
13327
13346
13353
13379
13401
13412
13419
13447
13494
13523
13570
13590
13600
13621
13645
13674
13697
13705
13735
13747
13749
13759
13760
13771
13800
13845
13852
13856
13858
13867
13886
13891
13894
13895
13920
13962
14023
14036
14037
14043
14052
14088
14107
14126
14146
14160
14197
14200
14206
14209
14210
14216
14236
14238
14252
14264
14282
14295
14313
14330
14367
14396
14410
14477
14522
14529
14541
14631
14645
14682
14686
14695
14700
14741
14747
14785
14833
14843
14881
14882
14918
14921
14951
14968
14987
15013
15127
15145
15158
15180
15205
15207
15256
15265
15271
15288
15292
15322
15328
15366
15416
15419
15482
15497
15520
15555
15600
15608
15609
15630
15640
15665
15696
15709
15774
15802
15876
15877
15891
15912
15916
15946
15954
16002
16011
16024
16048
16140
16156
16161
16181
16209
16278
16306
16332
16366
16370
16390
16396
16423
16464
16469
16498
16502
16571
16581
16611
16630
16667
16683
16707
16754
16764
16783
16808
16837
16842
16844
16849
16863
16880
16881
16894
16920
16935
16942
16950
17000
17007
17120
17130
17160
17162
17169
17186
17190
17269
17272
17293
17350
17389
17392
17427
17434
17444
17451
17460
17469
17492
17521
17526
17533
17539
17541
17593
17602
17615
17644
17648
17653
17654
17656
17666
17683
17694
17706
17720
17782
17844
17859
17880
17895
17915
17961
18018
18034
18058
18064
18100
18105
18158
18166
18179
18214
18245
18288
18334
18373
18379
18403
18453
18479
18498
18503
18544
18560
18564
18565
18585
18599
18610
18625
18628
18637
18648
18659
18694
18795
18800
18804
18807
18811
18819
18848
18855
18856
18881
18968
18974
18989
19014
19059
19067
19078
19095
19099
19116
19119
19139
19153
19203
19242
19318
19328
19389
19410
19425
19463
19495
19537
19545
19546
19552
19557
19576
19580
19590
19601
19613
19628
19633
19646
19656
19676
19686
19695
19699
19729
19741
19754
19779
19796
19797
19813
19821
19846
19865
19890
19925
19932
19943
19958
19988
19989
20010
20086
20154
20157
20171
20184
20215
20220
20274
20277
20337
20377
20405
20407
20408
20412
20413
20432
20441
20448
20456
20467
20537
20658
20668
20695
20737
20761
20778
20779
20788
20847
20857
20858
20868
20948
20949
20951
20981
20992
21011
21018
21023
21066
21070
21089
21090
21118
21126
21163
21214
21249
21256
21284
21303
21320
21327
21341
21399
21403
21427
21430
21444
21449
21461
21516
21548
21552
21584
21601
21605
21607
21614
21665
21671
21700
21737
21750
21773
21781
21815
21841
21877
21904
21910
21914
21918
21935
21937
21940
21941
21969
21972
21981
21988
22021
22046
22048
22051
22151
22153
22169
22199
22207
22211
22235
22272
22322
22348
22357
22359
22361
22383
22388
22405
22414
22467
22478
22486
22489
22522
22530
22556
22584
22588
22602
22654
22670
22672
22702
22703
22710
22728
22729
22731
22751
22795
22822
22849
22854
22861
22872
22876
22925
22946
22983
22986
23004
23005
23022
23034
23051
23063
23077
23085
23108
23144
23168
23195
23216
23224
23240
23261
23275
23282
23289
23352
23355
23361
23370
23413
23535
23609
23616
23643
23645
23659
23660
23663
23666
23668
23702
23709
23714
23718
23749
23778
23840
23868
23872
23896
23930
23986
24000
24025
24054
24060
24078
24129
24145
24154
24168
24182
24185
24206
24261
24301
24309
24317
24325
24345
24372
24401
24407
24485
24509
24521
24526
24548
24549
24573
24574
24614
24617
24630
24638
24675
24676
24682
24693
24697
24748
24789
24816
24820
24826
24837
24859
24872
24898
24922
24948
24959
25000
25048
25071
25097
25098
25168
25198
25199
25225
25243
25312
25327
25348
25375
25382
25412
25416
25417
25429
25497
25510
25541
25554
25597
25619
25663
25678
25685
25704
25732
25767
25812
25818
25845
25871
25879
25929
25971
26076
26244
26245
26277
26288
26300
26302
26309
26323
26340
26354
26371
26392
26395
26423
26426
26427
26467
26468
26476
26486
26487
26502
26513
26521
26556
26564
26567
26586
26603
26627
26676
26747
26757
26761
26813
26833
26846
26857
26870
26880
26900
26916
26923
26932
26933
26936
26942
26943
26971
26983
26989
27017
27063
27080
27084
27115
27117
27133
27137
27174
27182
27191
27192
27200
27222
27246
27272
27291
27322
27350
27365
27368
27371
27385
27386
27399
27471
27477
27515
27520
27521
27537
27547
27581
27587
27592
27613
27624
27635
27641
27675
27678
27701
27735
27740
27750
27751
27761
27766
27772
27796
27800
27808
27830
27852
27859
27876
27907
27908
27924
27939
27946
28015
28017
28084
28109
28116
28118
28145
28187
28191
28203
28221
28312
28313
28345
28362
28374
28376
28414
28466
28473
28490
28501
28521
28526
28563
28566
28579
28583
28612
28625
28647
28654
28665
28713
28760
28779
28782
28826
28839
28859
28863
28864
28910
28917
28919
28949
28951
28978
29068
29082
29139
29172
29174
29184
29210
29219
29221
29230
29255
29262
29268
29287
29330
29333
29360
29380
29382
29478
29489
29508
29511
29562
29571
29599
29625
29631
29649
29659
29676
29693
29702
29704
29706
29711
29758
29785
29794
29803
29861
29886
29901
29912
29932
29940
29947
29965
29978
29985
30009
30013
30037
30065
30067
30080
30108
30137
30221
30243
30255
30271
30275
30278
30305
30327
30330
30334
30338
30374
30380
30381
30412
30439
30480
30508
30518
30523
30533
30537
30580
30607
30620
30705
30709
30711
30735
30747
30753
30898
30916
30921
30965
31006
31157
31182
31184
31185
31191
31195
31198
31213
31219
31235
31268
31273
31294
31334
31387
31455
31507
31553
31652
31660
31668
31679
31680
31683
31686
31710
31718
31743
31756
31764
31778
31796
31851
31898
31905
31936
31938
31945
31952
31991
31998
32028
32030
32036
32040
32053
32054
32072
32124
32167
32169
32171
32204
32241
32251
32261
32283
32287
32304
32340
32353
32380
32395
32416
32443
32450
32463
32467
32498
32522
32526
32529
32550
32557
32559
32581
32582
32616
32617
32626
32698
32699
32714
32747
32756
32759
32764
32773
32775
32788
32837
32865
32868
32923
32949
32964
32973
32995
33025
33085
33086
33114
33117
33133
33137
33147
33181
33188
33190
33211
33224
33242
33249
33263
33284
33423
33425
33458
33462
33465
33482
33485
33595
33661
33664
33668
33697
33706
33731
33763
33767
33781
33817
33896
33902
33908
33914
33928
33955
33957
33959
33962
33978
33996
34015
34095
34142
34156
34167
34214
34221
34222
34226
34238
34254
34266
34283
34287
34297
34298
34365
34395
34414
34419
34424
34437
34463
34468
34482
34513
34532
34534
34547
34620
34638
34645
34662
34720
34779
34782
34784
34787
34795
34800
34808
34821
34834
34840
34927
34942
34962
34970
35076
35105
35117
35125
35126
35200
35204
35205
35232
35237
35238
35260
35271
35278
35297
35299
35310
35320
35359
35361
35449
35488
35526
35531
35542
35556
35563
35584
35600
35616
35642
35668
35673
35689
35692
35693
35704
35705
35776
35803
35812
35817
35825
35867
35868
35876
35900
35907
35919
35943
35952
35980
36011
36038
36056
36060
36076
36077
36099
36112
36117
36136
36149
36166
36199
36203
36204
36211
36212
36279
36296
36304
36323
36338
36365
36395
36416
36443
36446
36459
36486
36508
36530
36587
36594
36597
36607
36620
36631
36661
36668
36672
36676
36679
36726
36730
36756
36786
36797
36803
36807
36818
36866
36876
36935
36980
36991
37035
37043
37047
37070
37075
37089
37097
37100
37130
37149
37156
37161
37254
37261
37276
37284
37286
37298
37299
37326
37339
37353
37378
37379
37380
37414
37417
37424
37472
37516
37536
37608
37679
37739
37770
37783
37810
37812
37841
37911
37981
38011
38092
38096
38106
38132
38169
38197
38212
38249
38281
38282
38289
38303
38333
38363
38418
38429
38497
38520
38614
38647
2
176
220
