3571
12
23
42
56
64
100
101
141
149
172
184
197
205
218
220
241
252
262
263
265
284
302
303
315
332
335
364
394
395
413
449
477
490
495
508
511
526
549
607
608
609
628
645
652
656
663
664
666
667
741
742
744
749
762
775
776
805
819
824
834
836
854
859
868
883
890
894
907
943
998
1000
1009
1023
1048
1054
1057
1104
1145
1148
1149
1157
1177
1189
1238
1252
1255
1270
1321
1324
1342
1343
1356
1360
1362
1365
1410
1416
1447
1449
1454
1455
1513
1519
1551
1558
1567
1573
1575
1580
1592
1606
1671
1681
1693
1707
1723
1761
1764
1780
1783
1818
1820
1821
1833
1845
1846
1866
1879
1912
1932
1936
1964
1966
1969
1978
1993
1996
2040
2048
2062
2095
2099
2110
2111
2129
2166
2208
2210
2238
2297
2306
2319
2321
2326
2339
2340
2364
2386
2399
2405
2413
2424
2444
2445
2476
2484
2485
2486
2502
2520
2568
2575
2578
2586
2638
2640
2653
2661
2662
2681
2693
2698
2704
2714
2732
2733
2775
2785
2800
2808
2816
2824
2859
2860
2874
2899
2927
2951
3003
3025
3037
3038
3053
3055
3064
3066
3072
3093
3099
3104
3117
3122
3127
3130
3142
3145
3160
3172
3173
3181
3199
3206
3222
3229
3231
3238
3260
3273
3303
3306
3325
3331
3339
3340
3368
3383
3411
3431
3441
3460
3464
3519
3534
3539
3572
3577
3578
3601
3641
3681
3684
3689
3722
3729
3747
3749
3755
3778
3780
3815
3839
3842
3848
3860
3885
3915
3954
3961
3988
4016
4051
4057
4078
4081
4102
4115
4120
4160
4179
4181
4194
4211
4246
4258
4312
4324
4343
4356
4390
4416
4418
4452
4466
4471
4493
4496
4517
4519
4579
4584
4603
4619
4639
4645
4702
4718
4724
4738
4761
4765
4769
4778
4807
4812
4871
4876
4890
4921
4935
4937
4941
4942
4945
4951
4976
4987
5014
5015
5018
5022
5024
5033
5076
5083
5091
5103
5116
5127
5136
5169
5199
5205
5218
5229
5234
5255
5257
5262
5269
5295
5329
5333
5339
5341
5347
5359
5367
5370
5371
5380
5381
5411
5418
5437
5458
5479
5480
5481
5488
5492
5496
5548
5551
5553
5565
5569
5590
5598
5625
5626
5630
5633
5635
5647
5654
5670
5672
5696
5722
5723
5725
5803
5815
5831
5832
5851
5865
5879
5885
5901
5908
5912
5930
5987
5996
6011
6025
6039
6048
6062
6067
6069
6080
6123
6136
6137
6148
6204
6232
6239
6243
6254
6336
6366
6371
6373
6376
6381
6410
6422
6432
6448
6450
6466
6479
6498
6506
6524
6541
6547
6549
6551
6565
6567
6582
6597
6641
6677
6682
6699
6715
6757
6761
6769
6783
6791
6795
6799
6812
6822
6848
6858
6870
6889
6899
6936
6944
6945
6982
7003
7013
7015
7031
7032
7049
7050
7054
7088
7106
7111
7113
7128
7142
7148
7153
7165
7175
7196
7217
7233
7234
7259
7305
7337
7356
7381
7391
7414
7423
7437
7453
7458
7459
7469
7496
7514
7534
7549
7572
7578
7582
7584
7586
7592
7629
7637
7648
7657
7686
7689
7712
7719
7733
7742
7744
7753
7754
7764
7780
7825
7852
7873
7885
7913
7921
7932
7944
7946
7947
7962
7963
8021
8026
8048
8055
8074
8079
8093
8100
8111
8114
8128
8130
8133
8177
8205
8241
8268
8279
8288
8305
8317
8321
8344
8348
8356
8363
8367
8379
8388
8398
8410
8449
8460
8493
8494
8504
8511
8517
8584
8603
8607
8608
8614
8619
8620
8636
8645
8656
8676
8681
8724
8731
8739
8754
8758
8771
8777
8797
8810
8817
8823
8828
8889
8891
8904
8908
8924
8937
8946
8950
8954
8960
9012
9027
9057
9063
9075
9079
9106
9109
9143
9163
9201
9209
9215
9223
9232
9250
9259
9281
9284
9297
9311
9350
9414
9433
9436
9445
9482
9497
9504
9512
9513
9516
9524
9528
9542
9553
9574
9578
9591
9611
9623
9632
9633
9637
9641
9649
9662
9770
9789
9807
9834
9837
9848
9863
9870
9895
9908
9912
9923
9932
9934
9937
9946
9951
9960
9963
9976
9983
9993
10006
10013
10061
10065
10067
10070
10085
10139
10145
10182
10213
10249
10256
10257
10265
10290
10302
10304
10335
10365
10386
10399
10407
10475
10489
10517
10520
10532
10546
10553
10571
10593
10625
10664
10673
10674
10681
10725
10749
10750
10759
10762
10781
10817
10842
10849
10855
10856
10865
10876
10897
10909
10918
10927
10953
10960
10961
10963
10970
10973
11014
11020
11036
11065
11101
11106
11108
11126
11150
11154
11169
11201
11222
11231
11236
11240
11297
11300
11342
11346
11351
11354
11377
11381
11401
11465
11475
11484
11489
11496
11525
11532
11534
11537
11550
11551
11552
11570
11575
11580
11609
11611
11616
11626
11629
11658
11661
11665
11727
11740
11746
11799
11819
11826
11837
11847
11892
11897
11904
11913
11925
11928
11981
12018
12020
12042
12075
12079
12097
12142
12164
12203
12214
12231
12242
12245
12250
12260
12262
12263
12285
12345
12354
12361
12369
12372
12373
12382
12390
12409
12444
12448
12464
12467
12496
12522
12537
12568
12571
12590
12595
12646
12649
12650
12656
12660
12661
12665
12671
12705
12723
12732
12743
12754
12757
12776
12780
12781
12831
12853
12866
12913
12949
12989
13013
13025
13032
13047
13055
13056
13066
13070
13082
13106
13113
13121
13169
13174
13189
13240
13250
13252
13264
13270
13288
13293
13312
13335
13389
13396
13440
13469
13490
13514
13518
13529
13539
13542
13568
13601
13627
13638
13684
13721
13731
13758
13767
13773
13790
13805
13806
13821
13835
13878
13888
13891
13904
13914
13922
13939
13964
13974
14009
14011
14023
14040
14048
14082
14089
14114
14146
14191
14200
14205
14206
14220
14221
14225
14233
14235
14242
14252
14265
14279
14287
14291
14300
14327
14328
14337
14338
14345
14397
14398
14405
14409
14415
14418
14428
14437
14489
14524
14533
14538
14549
14559
14560
14571
14572
14578
14594
14605
14634
14642
14651
14688
14690
14710
14713
14717
14723
14768
14774
14797
14799
14821
14838
14851
14863
14888
14891
14895
14908
14911
14917
14956
14978
14979
15027
15040
15062
15077
15104
15114
15152
15154
15158
15176
15183
15186
15297
15322
15324
15338
15348
15350
15359
15364
15423
15434
15447
15449
15463
15508
15509
15522
15526
15566
15606
15615
15625
15647
15654
15661
15664
15696
15728
15762
15768
15771
15798
15810
15816
15820
15825
15843
15846
15866
15879
15891
15893
15899
15901
15963
15966
15981
16009
16014
16064
16089
16104
16127
16147
16184
16215
16222
16229
16230
16241
16243
16245
16263
16268
16290
16294
16297
16299
16303
16307
16309
16311
16334
16340
16356
16362
16412
16418
16454
16457
16480
16496
16501
16511
16538
16540
16541
16547
16561
16563
16580
16601
16615
16663
16687
16688
16703
16725
16741
16743
16746
16756
16765
16793
16802
16805
16815
16816
16827
16847
16857
16861
16871
16875
16885
16909
16934
16936
16961
16998
17018
17068
17071
17076
17078
17082
17096
17100
17130
17137
17141
17153
17166
17170
17193
17199
17204
17210
17216
17228
17231
17240
17242
17250
17257
17263
17279
17307
17322
17328
17342
17368
17372
17376
17385
17387
17395
17403
17415
17419
17421
17439
17450
17462
17474
17477
17486
17489
17490
17507
17514
17531
17532
17665
17682
17694
17711
17713
17800
17802
17803
17835
17836
17842
17877
17887
17908
17915
17917
17933
17951
17997
18006
18008
18013
18024
18043
18045
18068
18105
18125
18128
18141
18159
18174
18179
18190
18198
18218
18222
18243
18273
18324
18339
18343
18344
18375
18409
18410
18430
18473
18508
18517
18525
18534
18536
18542
18601
18611
18612
18620
18626
18630
18642
18662
18672
18675
18678
18687
18702
18711
18740
18780
18781
18802
18819
18821
18826
18831
18834
18835
18848
18880
18882
18888
18902
18906
18936
18937
18973
18977
19003
19005
19009
19029
19035
19049
19076
19108
19121
19123
19137
19139
19145
19169
19176
19185
19195
19201
19214
19224
19254
19259
19286
19310
19317
19321
19349
19368
19374
19377
19388
19398
19409
19413
19414
19419
19430
19436
19504
19514
19518
19561
19566
19569
19583
19595
19599
19603
19620
19632
19633
19635
19646
19686
19704
19709
19716
19723
19728
19738
19751
19773
19784
19786
19801
19810
19813
19816
19823
19831
19861
19872
19925
19927
19950
19958
19965
20001
20055
20065
20085
20099
20103
20104
20121
20122
20131
20150
20151
20157
20183
20187
20193
20200
20205
20227
20236
20255
20264
20267
20276
20310
20324
20347
20367
20372
20398
20418
20436
20459
20464
20479
20488
20512
20526
20530
20558
20565
20595
20598
20606
20641
20668
20670
20683
20685
20716
20776
20816
20821
20827
20828
20832
20835
20841
20879
20896
20928
20935
20951
20964
20975
20977
21005
21022
21029
21032
21050
21051
21077
21087
21121
21123
21140
21169
21170
21196
21211
21228
21237
21238
21256
21258
21263
21272
21278
21279
21283
21292
21301
21317
21323
21324
21346
21352
21360
21391
21404
21416
21420
21425
21444
21454
21461
21462
21470
21512
21516
21526
21561
21582
21586
21596
21602
21604
21612
21618
21633
21645
21660
21706
21738
21766
21776
21786
21803
21806
21827
21854
21856
21873
21879
21895
21905
21910
21911
21914
21939
21940
21948
21951
21963
21976
21981
21993
21996
21998
22019
22021
22036
22056
22074
22109
22131
22140
22154
22156
22207
22208
22231
22235
22242
22261
22275
22310
22342
22345
22367
22374
22385
22401
22413
22426
22451
22452
22494
22496
22503
22515
22525
22541
22542
22551
22555
22582
22595
22602
22623
22625
22636
22637
22657
22664
22679
22691
22724
22772
22785
22787
22795
22801
22831
22855
22857
22859
22862
22872
22919
22934
22937
22941
22964
22988
22993
22994
23013
23022
23026
23032
23090
23098
23149
23157
23160
23180
23181
23182
23200
23224
23231
23241
23252
23259
23298
23303
23365
23368
23383
23390
23424
23453
23454
23458
23462
23475
23494
23498
23514
23517
23526
23540
23557
23564
23573
23576
23589
23590
23597
23642
23650
23672
23683
23684
23694
23725
23729
23732
23743
23751
23752
23776
23777
23785
23786
23788
23800
23808
23809
23814
23838
23857
23859
23874
23886
23887
23890
23922
23960
23994
23999
24016
24036
24048
24061
24091
24104
24127
24146
24168
24182
24191
24200
24203
24275
24284
24299
24315
24330
24355
24372
24391
24411
24420
24438
24447
24451
24464
24465
24470
24481
24492
24506
24522
24525
24532
24536
24549
24583
24593
24604
24637
24642
24647
24665
24711
24723
24724
24738
24753
24770
24773
24781
24811
24856
24859
24871
24875
24882
24886
24899
24901
24906
24942
24980
24998
25008
25020
25036
25042
25054
25062
25069
25075
25078
25098
25106
25116
25123
25143
25164
25177
25189
25216
25224
25247
25255
25275
25283
25286
25310
25333
25341
25349
25365
25368
25381
25414
25416
25420
25424
25426
25455
25476
25483
25500
25516
25517
25519
25523
25525
25539
25552
25558
25565
25576
25600
25626
25635
25649
25655
25721
25733
25760
25773
25803
25804
25820
25821
25825
25844
25849
25889
25894
25912
25925
25934
25944
25954
25955
26005
26010
26035
26042
26063
26084
26127
26134
26170
26174
26202
26281
26310
26317
26326
26335
26359
26395
26433
26481
26492
26495
26522
26533
26536
26549
26586
26588
26592
26635
26650
26667
26671
26686
26698
26708
26767
26770
26775
26781
26783
26785
26810
26813
26814
26869
26887
26914
26918
26924
26929
26943
26959
26967
26968
26969
26981
26982
26984
26988
26998
27013
27027
27034
27037
27039
27050
27059
27070
27089
27165
27166
27175
27178
27187
27201
27223
27247
27256
27274
27301
27307
27323
27331
27334
27337
27354
27367
27379
27398
27402
27424
27436
27441
27445
27451
27461
27489
27492
27520
27565
27570
27579
27588
27589
27591
27607
27658
27667
27670
27671
27679
27686
27694
27695
27701
27704
27711
27744
27751
27791
27793
27803
27810
27811
27833
27843
27849
27888
27895
27898
27913
27942
27980
27986
28009
28027
28059
28063
28066
28109
28128
28129
28145
28148
28158
28173
28187
28190
28203
28206
28207
28208
28236
28274
28283
28293
28312
28331
28344
28349
28356
28357
28368
28373
28419
28438
28468
28516
28545
28556
28559
28562
28568
28573
28602
28603
28613
28617
28647
28658
28661
28691
28702
28706
28710
28718
28730
28764
28788
28796
28803
28808
28830
28862
28933
28981
28989
29043
29045
29082
29092
29127
29140
29148
29154
29167
29174
29176
29182
29193
29198
29201
29211
29212
29214
29227
29228
29274
29284
29312
29361
29425
29427
29435
29446
29473
29502
29525
29528
29561
29574
29586
29589
29590
29597
29612
29614
29624
29642
29648
29680
29682
29694
29711
29712
29810
29818
29824
29831
29850
29854
29859
29868
29888
29897
29910
29911
29917
29922
29923
29931
29941
29950
29954
29960
30027
30031
30044
30056
30065
30068
30081
30083
30085
30092
30104
30105
30120
30128
30132
30158
30182
30203
30233
30239
30240
30274
30277
30279
30280
30308
30310
30358
30365
30382
30390
30425
30428
30447
30481
30499
30511
30551
30589
30596
30599
30611
30613
30630
30632
30645
30646
30674
30679
30694
30697
30713
30734
30750
30755
30766
30772
30776
30791
30797
30798
30819
30842
30847
30863
30868
30896
30909
30911
30922
30931
30938
30947
30948
30954
30960
30968
30984
31001
31016
31024
31036
31056
31067
31082
31110
31138
31159
31187
31191
31206
31211
31218
31228
31230
31235
31259
31287
31298
31309
31398
31409
31431
31465
31471
31489
31514
31518
31521
31550
31561
31567
31607
31627
31638
31648
31654
31660
31666
31672
31691
31718
31722
31759
31800
31820
31851
31854
31876
31897
31917
31931
31949
31960
31977
31995
32007
32026
32047
32057
32086
32113
32138
32160
32163
32180
32266
32280
32293
32310
32349
32373
32400
32403
32436
32468
32480
32578
32580
32615
32641
32699
32717
32737
32749
32768
32778
32795
32803
32806
32829
32843
32849
32856
32865
32899
32904
32916
32945
32946
32961
32975
32983
32985
33002
33031
33035
33043
33045
33047
33053
33068
33090
33094
33095
33132
33152
33154
33159
33168
33187
33192
33198
33200
33222
33238
33245
33247
33258
33281
33283
33291
33292
33299
33303
33307
33310
33315
33337
33340
33342
33344
33356
33366
33370
33376
33388
33391
33410
33425
33441
33474
33521
33539
33544
33556
33568
33591
33612
33614
33629
33631
33665
33683
33686
33688
33693
33698
33707
33711
33722
33739
33776
33846
33847
33856
33879
33897
33900
33939
33980
33988
33995
34001
34008
34030
34031
34044
34045
34052
34055
34061
34072
34091
34095
34115
34151
34187
34191
34196
34207
34222
34223
34231
34267
34286
34332
34335
34338
34352
34357
34363
34368
34376
34386
34399
34406
34414
34426
34473
34478
34481
34482
34492
34529
34543
34545
34561
34574
34637
34657
34663
34665
34688
34741
34744
34748
34759
34796
34800
34818
34828
34835
34837
34838
34856
34894
34913
34945
34953
34955
34965
34970
34972
34975
34990
34991
35010
35047
35072
35084
35097
35110
35132
35134
35148
35150
35155
35160
35209
35214
35220
35244
35245
35249
35286
35289
35314
35327
35339
35371
35373
35380
35392
35400
35405
35409
35415
35436
35452
35481
35495
35506
35514
35531
35539
35567
35588
35597
35634
35655
35657
35665
35672
35673
35679
35689
35701
35702
35709
35713
35731
35738
35749
35762
35785
35803
35810
35827
35832
35847
35860
35884
35886
35895
35921
35929
35940
35946
35952
35976
35983
35995
36012
36038
36051
36055
36069
36080
36089
36116
36121
36133
36140
36153
36167
36176
36205
36227
36239
36262
36265
36266
36283
36292
36294
36343
36361
36362
36369
36394
36404
36414
36435
36437
36569
36574
36588
36622
36667
36672
36688
36689
36697
36698
36709
36729
36745
36749
36764
36836
36863
36875
36908
36910
36911
36913
36928
36948
36967
36973
36974
36993
37023
37028
37033
37038
37060
37083
37096
37121
37171
37173
37184
37193
37201
37206
37217
37239
37245
37255
37269
37278
37305
37321
37342
37351
37358
37377
37383
37394
37434
37462
37473
37478
37488
37504
37523
37549
37574
37580
37592
37597
37609
37614
37677
37685
37720
37721
37724
37729
37737
37745
37747
37789
37792
37800
37805
37815
37872
37926
37929
37939
37972
38018
38050
38051
38058
38090
38106
38112
38118
38142
38154
38187
38193
38194
38209
38229
38232
38240
38341
38351
38353
38355
38360
38365
38377
38413
38423
38425
38431
38434
38488
38493
38508
38538
38574
38626
38654
38684
38707
38711
38720
38721
38727
38732
38733
38742
38743
38752
38759
38803
38831
38841
38858
38888
38900
38945
38979
39004
39008
39011
39014
39016
39024
39029
39032
39051
39058
39065
39085
39089
39090
39103
39106
39129
39132
39137
39146
39156
39190
39200
39211
39227
39235
39253
39254
39272
39278
39280
39287
39308
39343
39358
39389
39410
39416
39432
39440
39459
39474
39476
39511
39533
39542
39581
39597
39631
39634
39639
39641
39644
39659
39682
39697
39721
39723
39728
39749
39767
39782
39785
39786
39796
39805
39822
39846
39872
39885
39896
39913
39921
39931
39934
39962
40001
40011
40044
40088
40090
40097
40116
40146
40185
40222
40225
40234
40263
40276
40306
40316
40342
40346
40354
40355
40367
40368
40376
40389
40395
40407
40458
40467
40469
40476
40482
40497
40509
40510
40514
40523
40527
40531
40544
40604
40629
40647
40650
40652
40677
40719
40721
40734
40752
40768
40794
40817
40829
40830
40832
40841
40921
40935
40939
40940
40942
40947
40956
40972
40974
40994
40996
41006
41016
41043
41051
41068
41079
41099
41100
41101
41115
41122
41128
41138
41156
41192
41200
41245
41255
41257
41262
41288
41289
41299
41334
41358
41406
41411
41414
41418
41420
41442
41466
41478
41485
41490
41552
41563
41600
41666
41694
41696
41724
41726
41728
41748
41771
41773
41782
41788
41819
41826
41827
41863
41873
41875
41892
41900
41915
41927
41938
41961
41971
41999
42005
42006
42022
42044
42045
42077
42095
42116
42149
42173
42174
42179
42180
42182
42255
42256
42269
42296
42310
42326
42329
42333
42341
42346
42348
42352
42366
42373
42415
42435
42441
42461
42468
42486
42527
42549
42587
42589
42604
42609
42617
42627
42670
42674
42684
42690
42693
42694
42700
42715
42751
42796
42810
42819
42820
42822
42842
42850
42870
42883
42903
42916
42926
42945
42953
42969
42996
43018
43029
43039
43042
43044
43118
43141
43158
43174
43249
43261
43268
43300
43301
43303
43316
43318
43343
43351
43374
43375
43376
43381
43384
43414
43431
43464
43475
43498
43514
43518
43530
43538
43547
43592
43598
43610
43642
43650
43665
43697
43705
43718
43720
43742
43748
43752
43769
43807
43822
43838
43853
43861
43865
43869
43916
43921
43925
43944
43950
43951
43956
43985
43988
44009
44030
44044
44053
44079
44092
44097
44118
44150
44170
44200
44212
44214
44250
44253
44275
44279
44288
44309
44324
44342
44374
44383
44397
44412
44431
44441
44447
44452
44465
44469
44480
44502
44505
44509
44532
44534
44543
44555
44565
44584
44585
44617
44618
44628
44636
44662
44680
44683
44744
44745
44751
44754
44768
44784
44785
44788
44793
44806
44817
44826
44832
44851
44867
44875
44889
44914
44930
44937
44968
44980
44984
44988
45016
45020
45037
45053
45078
45106
45116
45153
45155
45169
45170
45186
45196
45243
45304
45313
45348
45351
45376
45394
45403
45416
45457
45476
45489
45492
45555
45562
45563
45570
45571
45581
45582
45632
45634
45652
45675
45704
45722
45734
45741
45746
45766
45769
45778
45798
45801
45805
45820
45834
45866
45890
45899
45909
45926
45929
45962
45970
46001
46011
46019
46068
46075
46081
46088
46104
46119
46124
46127
46132
46192
46198
46201
46209
46234
46241
46242
46244
46271
46272
46290
46295
46296
46339
46361
46383
46393
46402
46406
46411
46435
46437
46449
46466
46497
46511
46522
46531
46535
46543
46553
46560
46572
46611
46659
46677
46693
46694
46704
46718
46757
46761
46770
46786
46789
46807
46818
46825
46836
46854
46890
46898
46902
46911
46912
46917
46924
46932
46934
46964
47011
47014
47034
47036
47058
47070
47079
47089
47091
47115
47117
47121
47129
47147
47156
47160
47188
47200
47213
47242
47262
47271
47284
47290
47296
47303
47304
47322
47324
47338
47347
47349
47351
47359
47388
47417
47427
47441
47463
47476
47477
47484
47502
47511
47527
47536
47562
47575
47584
47585
47587
47594
47599
47608
47629
47641
47653
47654
47658
47663
47671
47683
47684
47706
47725
47728
47732
47743
47760
47764
47774
47777
47779
47782
47828
47867
47880
47884
47899
47902
47906
47913
47918
47919
47927
47943
47957
47959
47961
48054
48062
48074
48077
48087
48105
48107
48122
48148
48180
48186
48196
48214
48226
48239
48245
48246
48262
48275
48278
48286
48308
48340
48344
48380
48386
48397
48401
48428
48451
48469
48472
48494
48508
48513
48515
48528
48530
48552
48553
48585
48634
48651
48668
48701
48712
48720
48726
48749
48761
48781
48782
48798
48800
48801
48807
48816
48820
48838
48843
48851
48853
48867
48919
48920
48923
48926
48927
48929
48942
48957
48961
48971
48981
48985
48990
48994
49003
49004
49019
49022
49024
49041
49114
49119
49121
49125
49137
49151
49154
49167
49178
49197
49209
49236
49238
49241
49253
49259
49279
49285
49422
49429
49431
49442
49445
49466
49475
49501
49524
49537
49538
49565
49569
49589
49605
49664
49676
49684
49690
49701
49704
49751
49791
49807
49811
49823
49853
49859
49864
49887
49905
49923
49942
49957
49969
49971
50006
50016
50019
50023
50025
50028
50029
50036
50076
50083
50084
50087
50125
50127
50139
50158
50163
50192
50202
50208
50215
50224
50225
50249
50254
50264
50305
50318
50323
50325
50347
50367
50376
50390
50398
50419
50429
50436
50442
50453
50459
50473
50479
50484
50502
50524
50539
50549
50563
50565
50566
50576
50592
50596
50597
50600
50608
50615
50619
50621
50641
50642
50649
50650
50672
50680
50687
50692
50695
50704
50706
50708
50710
50720
50734
50765
50769
50822
50886
50888
50911
50919
50955
50998
51000
51028
51046
51056
51070
51084
51099
51107
51120
51134
51174
51177
51179
51186
51187
51203
51270
51297
51298
51300
51320
51331
51335
51339
51349
51386
51391
51404
51415
51417
51418
51453
51531
51537
51542
51546
51564
51588
51603
51617
51622
51653
51681
51703
51744
51756
51757
51783
51794
51802
51826
51831
51836
51837
51883
51892
51921
51951
51973
51986
51988
52002
52004
52017
52030
52053
52063
52072
52083
52095
52110
52148
52159
52162
52174
52193
52214
52230
52265
52269
52273
52309
52313
52318
3
49
128
383
